time	cp
2	4.85529
3	4.85694
4	4.85819
5	4.85856
6	4.85961
7	4.85851
8	4.85698
9	4.85501
10	4.85611
11	4.85733
12	4.8567
13	4.85773
14	4.85698
15	4.85583
16	4.85632
17	4.85504
18	4.855
19	4.85653
20	4.85623
21	4.85942
22	4.86066
23	4.86112
24	4.86215
25	4.86032
26	4.85897
27	4.85736
28	4.85766
29	4.86007
30	4.86051
31	4.85991
32	4.8602
33	4.86051
34	4.8607
35	4.86178
36	4.86253
37	4.86278
38	4.86252
39	4.86235
40	4.86282
41	4.86087
42	4.86255
43	4.86336
44	4.86069
45	4.86093
46	4.86178
47	4.86148
48	4.86374
49	4.86561
50	4.86421
51	4.86218
52	4.85937
53	4.85918
54	4.86
55	4.86247
56	4.86464
57	4.86346
58	4.86397
59	4.86383
60	4.86267
61	4.86337
62	4.86282
63	4.86174
64	4.86348
65	4.86336
66	4.86278
67	4.86387
68	4.86073
69	4.86085
70	4.86242
71	4.86152
72	4.86345
73	4.86585
74	4.86558
75	4.86497
76	4.86619
77	4.86484
78	4.86298
79	4.86576
80	4.86787
81	4.86692
82	4.86554
83	4.86433
84	4.86582
85	4.86649
86	4.86507
87	4.86411
88	4.86444
89	4.86513
90	4.8672
91	4.86805
92	4.86544
93	4.86534
94	4.86673
95	4.86842
96	4.87125
97	4.87075
98	4.8684
99	4.86866
100	4.86762
101	4.86709
102	4.86873
103	4.8681
104	4.86872
105	4.87146
106	4.86918
107	4.86913
108	4.86989
109	4.86816
110	4.86864
111	4.86861
112	4.87022
113	4.87081
114	4.87027
115	4.86966
116	4.86848
117	4.8691
118	4.87075
119	4.87113
120	4.86987
121	4.86906
122	4.86959
123	4.87077
124	4.87094
125	4.86954
126	4.86912
127	4.87019
128	4.87144
129	4.87147
130	4.87202
131	4.87058
132	4.87049
133	4.86914
134	4.8686
135	4.87031
136	4.87024
137	4.87127
138	4.87134
139	4.87121
140	4.86954
141	4.86904
142	4.8705
143	4.87193
144	4.87275
145	4.87269
146	4.87272
147	4.87393
148	4.87287
149	4.87113
150	4.87226
151	4.87199
152	4.87472
153	4.87606
154	4.87315
155	4.87303
156	4.87255
157	4.87216
158	4.8732
159	4.87313
160	4.87363
161	4.87472
162	4.87625
163	4.87608
164	4.87587
165	4.87535
166	4.87433
167	4.87437
168	4.87294
169	4.87603
170	4.87806
171	4.87647
172	4.87693
173	4.87869
174	4.8801
175	4.88059
176	4.87968
177	4.87706
178	4.87604
179	4.8775
180	4.87683
181	4.8738
182	4.87059
183	4.86629
184	4.85791
185	4.84918
186	4.84767
187	4.85132
188	4.85644
189	4.86118
190	4.86503
191	4.86709
192	4.86795
193	4.86895
194	4.86963
195	4.87079
196	4.87073
197	4.8694
198	4.87379
199	4.8767
200	4.87633
201	4.87704
202	4.87836
203	4.87873
204	4.87584
205	4.87617
206	4.87814
207	4.88057
208	4.88166
209	4.88061
210	4.87986
211	4.87983
212	4.87937
213	4.87899
214	4.87853
215	4.87761
216	4.87675
217	4.877
218	4.87873
219	4.87956
220	4.88064
221	4.88062
222	4.88109
223	4.88044
224	4.87917
225	4.87863
226	4.87926
227	4.88139
228	4.88228
229	4.88308
230	4.88268
231	4.88051
232	4.88127
233	4.88452
234	4.88409
235	4.88127
236	4.88022
237	4.88012
238	4.88032
239	4.87898
240	4.87898
241	4.8829
242	4.8764
243	4.85964
244	4.83988
245	4.82202
246	4.81558
247	4.81743
248	4.82201
249	4.83252
250	4.8454
251	4.85327
252	4.85834
253	4.86416
254	4.86874
255	4.87262
256	4.87605
257	4.87672
258	4.87642
259	4.87643
260	4.87836
261	4.878
262	4.87772
263	4.88127
264	4.88234
265	4.8813
266	4.88226
267	4.88161
268	4.8822
269	4.88306
270	4.88254
271	4.88287
272	4.88402
273	4.88578
274	4.88547
275	4.88645
276	4.88601
277	4.88331
278	4.88609
279	4.88819
280	4.88535
281	4.88464
282	4.88525
283	4.88655
284	4.88712
285	4.88586
286	4.88688
287	4.88903
288	4.88714
289	4.88786
290	4.88965
291	4.8875
292	4.8883
293	4.88861
294	4.88683
295	4.88781
296	4.8871
297	4.88679
298	4.88891
299	4.88926
300	4.88871
301	4.88696
302	4.88788
303	4.89072
304	4.8904
305	4.89059
306	4.8906
307	4.88863
308	4.88803
309	4.88911
310	4.8904
311	4.89132
312	4.88899
313	4.8857
314	4.88604
315	4.88798
316	4.88894
317	4.88893
318	4.88777
319	4.88689
320	4.88806
321	4.88877
322	4.88952
323	4.89103
324	4.88999
325	4.88818
326	4.88956
327	4.89064
328	4.88956
329	4.89065
330	4.89194
331	4.89243
332	4.88559
333	4.86544
334	4.8354
335	4.79887
336	4.77191
337	4.76501
338	4.77038
339	4.78173
340	4.7992
341	4.8174
342	4.83221
343	4.84297
344	4.85135
345	4.85827
346	4.86279
347	4.86625
348	4.86928
349	4.87312
350	4.87748
351	4.87917
352	4.87962
353	4.88125
354	4.88274
355	4.88414
356	4.88683
357	4.88874
358	4.88905
359	4.88587
360	4.88485
361	4.88772
362	4.88898
363	4.89006
364	4.88775
365	4.88769
366	4.89114
367	4.89336
368	4.89411
369	4.8921
370	4.89016
371	4.89095
372	4.89457
373	4.89546
374	4.89454
375	4.89415
376	4.89368
377	4.89194
378	4.89247
379	4.89398
380	4.89438
381	4.89357
382	4.89235
383	4.89586
384	4.89689
385	4.89342
386	4.89298
387	4.89624
388	4.89713
389	4.89723
390	4.89886
391	4.89978
392	4.89982
393	4.8988
394	4.89681
395	4.8948
396	4.89347
397	4.89465
398	4.89689
399	4.8983
400	4.89833
401	4.89591
402	4.89632
403	4.89797
404	4.89676
405	4.89789
406	4.90035
407	4.9008
408	4.89883
409	4.89695
410	4.89757
411	4.89906
412	4.89841
413	4.89461
414	4.89625
415	4.90088
416	4.89993
417	4.89705
418	4.89528
419	4.89877
420	4.90284
421	4.90075
422	4.89013
423	4.8646
424	4.82069
425	4.76356
426	4.71575
427	4.69294
428	4.68912
429	4.69892
430	4.71827
431	4.73919
432	4.75838
433	4.77873
434	4.79677
435	4.81088
436	4.82305
437	4.83365
438	4.84459
439	4.85362
440	4.85886
441	4.86405
442	4.86843
443	4.8733
444	4.87777
445	4.8798
446	4.88356
447	4.88362
448	4.88125
449	4.88256
450	4.88587
451	4.88936
452	4.89345
453	4.89512
454	4.89344
455	4.89446
456	4.89717
457	4.89702
458	4.89665
459	4.89682
460	4.89615
461	4.89728
462	4.90034
463	4.90211
464	4.89983
465	4.89828
466	4.90193
467	4.90393
468	4.90284
469	4.90035
470	4.90014
471	4.90435
472	4.90511
473	4.90423
474	4.90187
475	4.90057
476	4.90196
477	4.90092
478	4.90261
479	4.90318
480	4.90182
481	4.9027
482	4.90282
483	4.90257
484	4.90388
485	4.9049
486	4.90394
487	4.90417
488	4.90501
489	4.90566
490	4.90612
491	4.90522
492	4.90391
493	4.90352
494	4.90496
495	4.90525
496	4.90214
497	4.90375
498	4.90667
499	4.90627
500	4.90798
501	4.90746
502	4.90371
503	4.9024
504	4.90506
505	4.907
506	4.9069
507	4.90605
508	4.90459
509	4.90451
510	4.90476
511	4.90511
512	4.89983
513	4.87675
514	4.82811
515	4.76122
516	4.69088
517	4.63335
518	4.60075
519	4.59352
520	4.60071
521	4.61402
522	4.63194
523	4.65358
524	4.67628
525	4.69817
526	4.71831
527	4.73843
528	4.759
529	4.7746
530	4.78893
531	4.80379
532	4.8162
533	4.82647
534	4.8329
535	4.83873
536	4.84699
537	4.85462
538	4.86027
539	4.86665
540	4.8734
541	4.87807
542	4.88266
543	4.88577
544	4.887
545	4.88837
546	4.88966
547	4.89151
548	4.89555
549	4.89713
550	4.89837
551	4.89966
552	4.89972
553	4.90167
554	4.90343
555	4.90316
556	4.90268
557	4.90409
558	4.9037
559	4.90408
560	4.90598
561	4.90836
562	4.90833
563	4.90728
564	4.9093
565	4.9071
566	4.90708
567	4.90799
568	4.90859
569	4.91084
570	4.90976
571	4.90888
572	4.90902
573	4.91032
574	4.91112
575	4.90878
576	4.90804
577	4.91017
578	4.90895
579	4.90888
580	4.911
581	4.91197
582	4.91345
583	4.91302
584	4.91251
585	4.91317
586	4.91186
587	4.91163
588	4.91191
589	4.91355
590	4.91469
591	4.91335
592	4.91306
593	4.91309
594	4.91325
595	4.9125
596	4.91053
597	4.90932
598	4.91256
599	4.91425
600	4.91094
601	4.91058
602	4.90958
603	4.89689
604	4.86702
605	4.82011
606	4.76348
607	4.70448
608	4.65029
609	4.60773
610	4.5747
611	4.55504
612	4.54991
613	4.55536
614	4.57126
615	4.58975
616	4.61351
617	4.64213
618	4.66601
619	4.68577
620	4.70485
621	4.72401
622	4.74241
623	4.75708
624	4.77138
625	4.78439
626	4.79329
627	4.80505
628	4.81801
629	4.82795
630	4.83647
631	4.84162
632	4.84821
633	4.85582
634	4.8615
635	4.8684
636	4.875
637	4.87769
638	4.87835
639	4.88141
640	4.88261
641	4.88438
642	4.89123
643	4.89591
644	4.89641
645	4.89704
646	4.89867
647	4.90182
648	4.90486
649	4.90549
650	4.90462
651	4.90616
652	4.90814
653	4.90815
654	4.91006
655	4.91079
656	4.9097
657	4.90994
658	4.91024
659	4.91094
660	4.91131
661	4.91337
662	4.91549
663	4.91625
664	4.91688
665	4.9137
666	4.91202
667	4.91491
668	4.9151
669	4.9144
670	4.91318
671	4.91352
672	4.915
673	4.91518
674	4.91847
675	4.92077
676	4.91839
677	4.91648
678	4.91885
679	4.9192
680	4.91678
681	4.91678
682	4.91681
683	4.91487
684	4.91475
685	4.91369
686	4.91318
687	4.91637
688	4.9195
689	4.91879
690	4.91741
691	4.91842
692	4.91748
693	4.90925
694	4.89579
695	4.88161
696	4.86283
697	4.84103
698	4.82209
699	4.8057
700	4.79244
701	4.78219
702	4.77312
703	4.77029
704	4.77168
705	4.77829
706	4.78988
707	4.80106
708	4.81092
709	4.82205
710	4.836
711	4.84759
712	4.85736
713	4.86423
714	4.86864
715	4.87581
716	4.8798
717	4.8835
718	4.88829
719	4.89009
720	4.89528
721	4.8983
722	4.89671
723	4.89663
724	4.89771
725	4.89807
726	4.90272
727	4.90895
728	4.91032
729	4.90998
730	4.90901
731	4.91036
732	4.9101
733	4.90769
734	4.90936
735	4.91324
736	4.91578
737	4.91405
738	4.91246
739	4.91426
740	4.91524
741	4.91575
742	4.91732
743	4.91818
744	4.91825
745	4.91917
746	4.91832
747	4.91918
748	4.92174
749	4.92053
750	4.92033
751	4.92127
752	4.92084
753	4.9224
754	4.92352
755	4.92283
756	4.92182
757	4.91932
758	4.91973
759	4.92278
760	4.92378
761	4.9229
762	4.92124
763	4.92041
764	4.9217
765	4.92181
766	4.92218
767	4.92317
768	4.92422
769	4.92315
770	4.92071
771	4.92225
772	4.92322
773	4.92141
774	4.92065
775	4.92142
776	4.92299
777	4.92356
778	4.92246
779	4.92382
780	4.92485
781	4.92372
782	4.92143
783	4.91781
784	4.91422
785	4.91454
786	4.9158
787	4.91307
788	4.91041
789	4.9086
790	4.90976
791	4.91253
792	4.9145
793	4.91686
794	4.91853
795	4.92233
796	4.92468
797	4.9243
798	4.92871
799	4.93128
800	4.93428
801	4.9375
802	4.93792
803	4.93978
804	4.94098
805	4.94546
806	4.94939
807	4.94921
808	4.95349
809	4.95677
810	4.95313
811	4.95058
812	4.95028
813	4.94982
814	4.94846
815	4.94831
816	4.94622
817	4.94301
818	4.9423
819	4.94236
820	4.94054
821	4.9376
822	4.93816
823	4.93943
824	4.93503
825	4.9315
826	4.93154
827	4.93139
828	4.93069
829	4.92933
830	4.92904
831	4.9289
832	4.93093
833	4.93046
834	4.92799
835	4.92767
836	4.92838
837	4.92915
838	4.92895
839	4.92895
840	4.93042
841	4.93009
842	4.92909
843	4.92958
844	4.92864
845	4.9301
846	4.93107
847	4.92999
848	4.92871
849	4.92724
850	4.92788
851	4.93032
852	4.9305
853	4.92828
854	4.92587
855	4.92386
856	4.92303
857	4.92413
858	4.92681
859	4.92776
860	4.92719
861	4.92757
862	4.93026
863	4.93079
864	4.92962
865	4.92872
866	4.92821
867	4.92844
868	4.92812
869	4.93058
870	4.92903
