DH	INJV	Xt	Mt	XMt	NDH	Fit	DY
-1.4283	0.1	0	0.01001	0.09598	--	-9860.07927	--
-3.58941	0.2	9.60315E-4	0.01001	0.28809	-9532.0583	-9557.23337	25.17507
-6.46555	0.4	0.00288	0.01	0.67287	-8377.47474	-8341.79289	-35.68184
-5.42289	0.8	0.00671	0.00998	1.44471	-3519.91291	-3546.82426	26.91134
-1.39545	1.6	0.01435	0.00994	2.99747	-504.62807	-425.55354	-79.07452
-0.26381	3.2	0.02955	0.00986	6.13933	-83.27	-57.9541	-25.3159
0.20219	6.4	0.05957	0.0097	12.56842	-33.05353	-10.82932	-22.22421
0.71938	12.8	0.11817	0.0094	26.00801	-24.63337	-2.19503	-22.43834
	--	0.22954	0.00883	--			
