DH	INJV	Xt	Mt	XMt	NDH	Fit	DY
-0.24826	0.1	0	0.01001	0.01631	--	-10104.50588	--
-0.64515	0.2	1.63175E-4	0.01001	0.04895	-10018.48717	-10067.16717	48.68
-1.29043	0.4	4.89283E-4	0.01	0.11433	-9905.17015	-9984.58698	79.41683
-2.51008	0.8	0.00114	0.00998	0.24548	-9876.67279	-9780.8557	-95.81709
-4.65913	1.6	0.00244	0.00994	0.50932	-9203.33339	-9141.74323	-61.59016
-6.22342	3.2	0.00502	0.00986	1.04318	-6274.26181	-6317.95063	43.68882
-2.21106	6.4	0.01012	0.0097	2.1356	-1427.01389	-1388.13572	-38.87817
0.6703	12.8	0.02008	0.0094	4.41923	-189.46485	-158.93714	-30.52771
	--	0.039	0.00883	--			
