DH	INJV	Xt	Mt	XMt	NDH	Fit	DY
-0.2642	0.1	0	0.01001	0.01631	--	-9529.80944	--
-0.58906	0.2	1.63175E-4	0.01001	0.04895	-9201.03704	-9505.42329	304.38625
-1.20325	0.4	4.89283E-4	0.01	0.11433	-9363.76053	-9451.54187	87.78134
-2.43462	0.8	0.00114	0.00998	0.24548	-9499.2405	-9318.66222	-180.57828
-4.65587	1.6	0.00244	0.00994	0.50932	-9216.78479	-8896.49425	-320.29054
-6.52089	3.2	0.00502	0.00986	1.04318	-6539.13253	-6683.93376	144.80123
-2.6034	6.4	0.01012	0.0097	2.1356	-1566.90592	-1466.45521	-100.4507
0.35951	12.8	0.02008	0.0094	4.41923	-219.91927	-137.98617	-81.9331
	--	0.039	0.00883	--			
