time	cp
2	4.59365
3	4.59489
4	4.59387
5	4.59381
6	4.59455
7	4.59478
8	4.59457
9	4.59536
10	4.59562
11	4.59446
12	4.59373
13	4.59324
14	4.59383
15	4.59588
16	4.59691
17	4.59668
18	4.59695
19	4.59616
20	4.59375
21	4.59504
22	4.59646
23	4.59519
24	4.59353
25	4.59437
26	4.59709
27	4.59814
28	4.59797
29	4.59646
30	4.59608
31	4.59647
32	4.59774
33	4.59964
34	4.60103
35	4.60219
36	4.59807
37	4.59586
38	4.59794
39	4.60014
40	4.60139
41	4.5999
42	4.59843
43	4.5987
44	4.60085
45	4.60088
46	4.59938
47	4.60101
48	4.6031
49	4.60104
50	4.59773
51	4.59903
52	4.60208
53	4.6033
54	4.60344
55	4.60204
56	4.59933
57	4.59869
58	4.60066
59	4.60225
60	4.6018
61	4.60187
62	4.6028
63	4.60249
64	4.60139
65	4.60006
66	4.60076
67	4.60202
68	4.60413
69	4.60629
70	4.60488
71	4.60327
72	4.6013
73	4.59888
74	4.59865
75	4.60076
76	4.60255
77	4.60184
78	4.6028
79	4.60635
80	4.60652
81	4.60529
82	4.6052
83	4.60296
84	4.60146
85	4.60188
86	4.60222
87	4.60191
88	4.60383
89	4.60561
90	4.6033
91	4.60219
92	4.60401
93	4.60451
94	4.6036
95	4.60459
96	4.60662
97	4.6059
98	4.6033
99	4.60575
100	4.60751
101	4.60688
102	4.60741
103	4.6066
104	4.6068
105	4.60814
106	4.608
107	4.60718
108	4.60536
109	4.60499
110	4.60678
111	4.60769
112	4.60668
113	4.6066
114	4.60813
115	4.60622
116	4.60775
117	4.61012
118	4.60827
119	4.60943
120	4.61032
121	4.6094
122	4.60999
123	4.61107
124	4.61046
125	4.60886
126	4.60955
127	4.60804
128	4.60894
129	4.60999
130	4.6085
131	4.61154
132	4.6112
133	4.60957
134	4.6095
135	4.60888
136	4.61099
137	4.61115
138	4.61071
139	4.61074
140	4.60986
141	4.61111
142	4.61067
143	4.60867
144	4.60881
145	4.61043
146	4.6111
147	4.61286
148	4.61251
149	4.61148
150	4.61192
151	4.61072
152	4.61276
153	4.61297
154	4.61333
155	4.61308
156	4.61137
157	4.61245
158	4.61104
159	4.60889
160	4.60935
161	4.61334
162	4.61497
163	4.61463
164	4.61483
165	4.61457
166	4.61525
167	4.6156
168	4.61517
169	4.61572
170	4.61532
171	4.61339
172	4.61392
173	4.61244
174	4.6127
175	4.61548
176	4.61509
177	4.61562
178	4.61746
179	4.61693
180	4.61497
181	4.61471
182	4.60691
183	4.583
184	4.54993
185	4.51998
186	4.50072
187	4.49233
188	4.49365
189	4.5019
190	4.51214
191	4.52415
192	4.53738
193	4.55029
194	4.56245
195	4.57384
196	4.58165
197	4.58691
198	4.59132
199	4.59235
200	4.59589
201	4.59939
202	4.60084
203	4.6054
204	4.60909
205	4.61013
206	4.60872
207	4.60848
208	4.61049
209	4.61099
210	4.61255
211	4.61623
212	4.61792
213	4.61805
214	4.61813
215	4.61503
216	4.61203
217	4.61225
218	4.61228
219	4.61225
220	4.61365
221	4.61507
222	4.6169
223	4.61933
224	4.62157
225	4.62184
226	4.61973
227	4.61883
228	4.62045
229	4.62111
230	4.61958
231	4.6201
232	4.62015
233	4.62014
234	4.62198
235	4.62039
236	4.61855
237	4.61825
238	4.61966
239	4.62031
240	4.6208
241	4.62189
242	4.60996
243	4.57732
244	4.52261
245	4.45581
246	4.39555
247	4.35357
248	4.33558
249	4.33797
250	4.35302
251	4.37622
252	4.40441
253	4.436
254	4.46463
255	4.486
256	4.50416
257	4.52167
258	4.5388
259	4.55257
260	4.56334
261	4.5702
262	4.57538
263	4.58136
264	4.58724
265	4.59236
266	4.59498
267	4.60003
268	4.60526
269	4.60909
270	4.60946
271	4.60909
272	4.61042
273	4.61137
274	4.61436
275	4.61696
276	4.61816
277	4.61867
278	4.62014
279	4.62165
280	4.62091
281	4.61936
282	4.62109
283	4.62186
284	4.62107
285	4.62273
286	4.62461
287	4.62528
288	4.62402
289	4.62483
290	4.62566
291	4.6237
292	4.6226
293	4.6225
294	4.62335
295	4.62566
296	4.62812
297	4.62865
298	4.62838
299	4.62677
300	4.6231
301	4.62281
302	4.62518
303	4.62596
304	4.62726
305	4.62781
306	4.62887
307	4.62948
308	4.62869
309	4.62971
310	4.62823
311	4.62387
312	4.62381
313	4.6245
314	4.62506
315	4.62844
316	4.62792
317	4.62728
318	4.6302
319	4.63194
320	4.62994
321	4.62861
322	4.6277
323	4.62707
324	4.6254
325	4.62392
326	4.62654
327	4.62896
328	4.63239
329	4.63334
330	4.62911
331	4.62689
332	4.61444
333	4.58001
334	4.51742
335	4.43335
336	4.35407
337	4.29136
338	4.24979
339	4.2276
340	4.22441
341	4.23719
342	4.26141
343	4.29261
344	4.32614
345	4.35667
346	4.38242
347	4.40845
348	4.43168
349	4.45161
350	4.4715
351	4.48847
352	4.50133
353	4.51245
354	4.52454
355	4.53635
356	4.54787
357	4.55599
358	4.56061
359	4.56808
360	4.57385
361	4.57999
362	4.58859
363	4.59266
364	4.59576
365	4.59885
366	4.60193
367	4.60679
368	4.61072
369	4.6125
370	4.6144
371	4.61795
372	4.61879
373	4.61929
374	4.62158
375	4.62324
376	4.62403
377	4.62441
378	4.6248
379	4.62561
380	4.62884
381	4.6285
382	4.62813
383	4.62918
384	4.63039
385	4.63265
386	4.63079
387	4.63056
388	4.63158
389	4.63328
390	4.63606
391	4.63488
392	4.63352
393	4.63422
394	4.63251
395	4.63226
396	4.63271
397	4.62988
398	4.63068
399	4.63455
400	4.63617
401	4.63586
402	4.63532
403	4.63573
404	4.63593
405	4.63493
406	4.63492
407	4.63834
408	4.64089
409	4.63894
410	4.63628
411	4.63411
412	4.6356
413	4.63755
414	4.63697
415	4.63466
416	4.63335
417	4.63505
418	4.63715
419	4.63814
420	4.63659
421	4.63644
422	4.6318
423	4.60964
424	4.5693
425	4.51252
426	4.44846
427	4.39566
428	4.36068
429	4.34202
430	4.33989
431	4.34997
432	4.36673
433	4.38535
434	4.40455
435	4.42303
436	4.43768
437	4.45361
438	4.46765
439	4.47865
440	4.48795
441	4.49843
442	4.51214
443	4.52171
444	4.52927
445	4.54034
446	4.54896
447	4.55422
448	4.56198
449	4.57032
450	4.57736
451	4.58481
452	4.59047
453	4.59485
454	4.59933
455	4.60154
456	4.60345
457	4.60649
458	4.60936
459	4.6141
460	4.61789
461	4.62002
462	4.6233
463	4.62471
464	4.62709
465	4.62917
466	4.62812
467	4.62846
468	4.63159
469	4.63053
470	4.62835
471	4.63232
472	4.63543
473	4.63601
474	4.6343
475	4.634
476	4.63636
477	4.63646
478	4.63808
479	4.64017
480	4.6384
481	4.63852
482	4.64162
483	4.64102
484	4.63975
485	4.6416
486	4.64338
487	4.63931
488	4.63641
489	4.64035
490	4.64251
491	4.64222
492	4.6423
493	4.64317
494	4.64278
495	4.6432
496	4.6438
497	4.64254
498	4.64325
499	4.64454
500	4.64372
501	4.64339
502	4.64381
503	4.64426
504	4.64674
505	4.64507
506	4.64285
507	4.64571
508	4.64735
509	4.64495
510	4.6442
511	4.64546
512	4.64108
513	4.63059
514	4.6147
515	4.59631
516	4.57997
517	4.56841
518	4.56211
519	4.56438
520	4.5706
521	4.57787
522	4.58621
523	4.58985
524	4.5924
525	4.59669
526	4.60123
527	4.60611
528	4.60803
529	4.60796
530	4.61155
531	4.61527
532	4.61824
533	4.62072
534	4.62461
535	4.6264
536	4.62689
537	4.63034
538	4.6309
539	4.63319
540	4.63533
541	4.63739
542	4.63908
543	4.63818
544	4.6385
545	4.63855
546	4.63984
547	4.64069
548	4.64187
549	4.64401
550	4.64485
551	4.64428
552	4.64348
553	4.64382
554	4.64435
555	4.64583
556	4.64753
557	4.64774
558	4.64777
559	4.64706
560	4.64713
561	4.64916
562	4.64829
563	4.64706
564	4.64762
565	4.64815
566	4.64726
567	4.64647
568	4.64772
569	4.6505
570	4.65281
571	4.65235
572	4.65111
573	4.64857
574	4.64866
575	4.65098
576	4.65174
577	4.6515
578	4.65185
579	4.65285
580	4.65254
581	4.65329
582	4.6522
583	4.65225
584	4.65355
585	4.65184
586	4.65013
587	4.64931
588	4.65176
589	4.65296
590	4.65224
591	4.65345
592	4.65377
593	4.65317
594	4.65292
595	4.65461
596	4.65473
597	4.65279
598	4.65394
599	4.65625
600	4.65459
601	4.65246
602	4.64975
603	4.64164
604	4.63397
605	4.62691
606	4.62077
607	4.61762
608	4.61794
609	4.62711
610	4.63913
611	4.64538
612	4.64767
613	4.64848
614	4.65135
615	4.65293
616	4.6514
617	4.65258
618	4.65382
619	4.65286
620	4.65431
621	4.65487
622	4.65291
623	4.65287
624	4.65449
625	4.65489
626	4.65431
627	4.65359
628	4.65291
629	4.65478
630	4.65706
631	4.65558
632	4.65345
633	4.65387
634	4.6541
635	4.65271
636	4.65328
637	4.65413
638	4.65412
639	4.65604
640	4.656
641	4.65544
642	4.65627
643	4.65512
644	4.65489
645	4.65478
646	4.6537
647	4.65584
648	4.65861
649	4.65923
650	4.65824
651	4.65687
652	4.65663
653	4.65689
654	4.65565
655	4.65354
656	4.65312
657	4.65268
658	4.65469
659	4.65898
660	4.66009
661	4.65848
662	4.65614
663	4.65624
664	4.6577
665	4.65743
666	4.65579
667	4.65764
668	4.65728
669	4.65726
670	4.65871
671	4.65552
672	4.65554
673	4.6571
674	4.65641
675	4.65704
676	4.65729
677	4.65597
678	4.65693
679	4.65959
680	4.66059
681	4.66043
682	4.66074
683	4.65897
684	4.65758
685	4.65658
686	4.65718
687	4.65878
688	4.65839
689	4.65915
690	4.659
691	4.65739
692	4.65541
693	4.65119
694	4.64528
695	4.64296
696	4.64193
697	4.63968
698	4.63881
699	4.64144
700	4.64601
701	4.65032
702	4.65415
703	4.65646
704	4.65979
705	4.66561
706	4.67314
707	4.67837
708	4.67942
709	4.68156
710	4.68325
711	4.68066
712	4.6805
713	4.67942
714	4.67657
715	4.67569
716	4.67429
717	4.67254
718	4.67069
719	4.67096
720	4.67214
721	4.67085
722	4.66686
723	4.6647
724	4.66621
725	4.66748
726	4.66701
727	4.66901
728	4.66981
729	4.66652
730	4.66199
731	4.66073
732	4.66409
733	4.6652
734	4.66388
735	4.6643
736	4.6662
737	4.666
738	4.6635
739	4.66144
740	4.66012
741	4.66121
742	4.66305
743	4.66378
744	4.66555
745	4.66466
746	4.66313
747	4.66315
748	4.66168
749	4.6616
750	4.66353
751	4.66273
752	4.66002
753	4.65871
754	4.65994
755	4.66025
756	4.65938
757	4.66344
758	4.66735
759	4.66548
760	4.66289
761	4.66206
762	4.66212
763	4.66064
764	4.65982
765	4.66218
766	4.66304
767	4.66354
768	4.66679
769	4.66621
770	4.66372
771	4.66317
772	4.66197
773	4.66302
774	4.66592
775	4.66486
776	4.6626
777	4.66291
778	4.66333
779	4.66407
780	4.66384
781	4.6634
782	4.66248
783	4.65665
784	4.65116
785	4.64907
786	4.64917
787	4.65091
788	4.65091
789	4.65385
790	4.65934
791	4.66181
792	4.66244
793	4.66465
794	4.66685
795	4.66838
796	4.67163
797	4.67394
798	4.67641
799	4.68092
800	4.68258
801	4.68388
802	4.68525
803	4.68373
804	4.68389
805	4.68458
806	4.68642
807	4.68975
808	4.69608
809	4.70244
810	4.70282
811	4.70285
812	4.7059
813	4.70606
814	4.7024
815	4.69862
816	4.69436
817	4.69124
818	4.68861
819	4.68705
820	4.68648
821	4.68532
822	4.68435
823	4.68299
824	4.68148
825	4.68009
826	4.67781
827	4.67839
828	4.67835
829	4.67363
830	4.67049
831	4.67065
832	4.67216
833	4.67525
834	4.67403
835	4.66915
836	4.66837
837	4.66801
838	4.66816
839	4.67119
840	4.67223
841	4.67125
842	4.66996
843	4.66816
844	4.66811
845	4.66711
846	4.66748
847	4.66955
848	4.66914
849	4.66661
850	4.66843
851	4.67071
852	4.67003
853	4.67123
854	4.6698
855	4.66813
856	4.66859
857	4.66917
858	4.66988
859	4.67017
860	4.6714
861	4.67291
862	4.67046
863	4.66897
864	4.66925
865	4.66949
866	4.67053
867	4.66952
868	4.66934
869	4.66912
870	4.66904
