DH	INJV	Xt	Mt	XMt	NDH	Fit	DY
-0.20861	0.1	0	0.01001	0.01631	--	-9478.89557	--
-0.5751	0.2	1.63175E-4	0.01001	0.04895	-8990.06019	-9456.22078	466.16059
-1.21195	0.4	4.89283E-4	0.01	0.11433	-9429.43086	-9406.06422	-23.36664
-2.43179	0.8	0.00114	0.00998	0.24548	-9488.54103	-9282.02572	-206.51532
-4.66964	1.6	0.00244	0.00994	0.50932	-9242.78577	-8884.37865	-358.40713
-6.53139	3.2	0.00502	0.00986	1.04318	-6549.04611	-6711.43399	162.38788
-2.56237	6.4	0.01012	0.0097	2.1356	-1547.53898	-1427.57965	-119.95933
0.55373	12.8	0.02008	0.0094	4.41923	-174.07727	-128.77117	-45.3061
	--	0.039	0.00883	--			
