time	cp
2	4.66343
3	4.66536
4	4.66309
5	4.66289
6	4.66551
7	4.66488
8	4.6658
9	4.66778
10	4.66665
11	4.66308
12	4.66268
13	4.66402
14	4.66621
15	4.66673
16	4.66479
17	4.66413
18	4.66465
19	4.66816
20	4.66889
21	4.66852
22	4.66871
23	4.66758
24	4.66648
25	4.66745
26	4.66943
27	4.66873
28	4.66716
29	4.66605
30	4.66618
31	4.66926
32	4.67052
33	4.67045
34	4.66984
35	4.6693
36	4.66969
37	4.66938
38	4.67241
39	4.67484
40	4.67256
41	4.67217
42	4.67298
43	4.67031
44	4.67075
45	4.67207
46	4.6706
47	4.67014
48	4.66963
49	4.67036
50	4.67209
51	4.6704
52	4.67062
53	4.67048
54	4.66944
55	4.66896
56	4.6686
57	4.67197
58	4.67443
59	4.67407
60	4.6731
61	4.67241
62	4.67024
63	4.66986
64	4.67317
65	4.67426
66	4.67411
67	4.67641
68	4.67669
69	4.67558
70	4.67486
71	4.67337
72	4.67406
73	4.67546
74	4.67463
75	4.67516
76	4.6756
77	4.67471
78	4.67643
79	4.67672
80	4.67525
81	4.67509
82	4.67614
83	4.67742
84	4.67588
85	4.67455
86	4.67739
87	4.67598
88	4.67474
89	4.6781
90	4.67804
91	4.67765
92	4.6784
93	4.6788
94	4.68002
95	4.68122
96	4.68033
97	4.67825
98	4.6772
99	4.67612
100	4.67782
101	4.67915
102	4.67814
103	4.68019
104	4.68157
105	4.68136
106	4.68072
107	4.68022
108	4.67897
109	4.67916
110	4.68092
111	4.68258
112	4.6827
113	4.68168
114	4.68227
115	4.68223
116	4.68155
117	4.6804
118	4.68249
119	4.68331
120	4.68309
121	4.6843
122	4.68122
123	4.68161
124	4.68387
125	4.68291
126	4.68533
127	4.68816
128	4.68438
129	4.68306
130	4.68719
131	4.68745
132	4.68508
133	4.68317
134	4.67996
135	4.67882
136	4.6831
137	4.68497
138	4.68282
139	4.68363
140	4.68446
141	4.68417
142	4.68498
143	4.68626
144	4.68785
145	4.68696
146	4.68719
147	4.68688
148	4.68497
149	4.68433
150	4.68233
151	4.68306
152	4.68786
153	4.69011
154	4.68961
155	4.68965
156	4.68752
157	4.68744
158	4.68801
159	4.68662
160	4.68683
161	4.68704
162	4.68824
163	4.68773
164	4.68782
165	4.68887
166	4.68838
167	4.68946
168	4.69014
169	4.69108
170	4.69203
171	4.68927
172	4.68825
173	4.69041
174	4.689
175	4.68749
176	4.69007
177	4.69126
178	4.68842
179	4.68721
180	4.68915
181	4.68953
182	4.68869
183	4.69104
184	4.69239
185	4.69074
186	4.69078
187	4.69108
188	4.69071
189	4.69317
190	4.69366
191	4.69349
192	4.69391
193	4.69199
194	4.69232
195	4.69328
196	4.69322
197	4.69329
198	4.69606
199	4.69714
200	4.69516
201	4.69067
202	4.68861
203	4.69293
204	4.69493
205	4.694
206	4.69495
207	4.69435
208	4.69352
209	4.69652
210	4.69809
211	4.69588
212	4.69347
213	4.69397
214	4.69433
215	4.69513
216	4.69752
217	4.69881
218	4.69691
219	4.6933
220	4.6928
221	4.6937
222	4.69516
223	4.69673
224	4.69561
225	4.69529
226	4.69776
227	4.69934
228	4.6993
229	4.69877
230	4.69988
231	4.70046
232	4.69887
233	4.69822
234	4.69731
235	4.69577
236	4.69569
237	4.69755
238	4.69918
239	4.69739
240	4.69911
241	4.70143
242	4.6967
243	4.69651
244	4.70041
245	4.69959
246	4.69903
247	4.70202
248	4.70492
249	4.70425
250	4.70359
251	4.70357
252	4.70269
253	4.70395
254	4.70295
255	4.70084
256	4.70237
257	4.70266
258	4.70142
259	4.70062
260	4.69948
261	4.70003
262	4.70352
263	4.70428
264	4.70129
265	4.70229
266	4.70291
267	4.70283
268	4.7035
269	4.70232
270	4.70221
271	4.70273
272	4.70173
273	4.70058
274	4.69956
275	4.70193
276	4.70351
277	4.70053
278	4.70192
279	4.70562
280	4.70673
281	4.70513
282	4.7028
283	4.70381
284	4.70447
285	4.70223
286	4.70384
287	4.70455
288	4.7038
289	4.70537
290	4.70653
291	4.70727
292	4.70671
293	4.70694
294	4.70754
295	4.70771
296	4.70613
297	4.70431
298	4.70515
299	4.70388
300	4.70359
301	4.70572
302	4.70603
303	4.70691
304	4.70774
305	4.70639
306	4.70658
307	4.70712
308	4.70622
309	4.70725
310	4.70695
311	4.70448
312	4.70558
313	4.70727
314	4.70809
315	4.70986
316	4.71093
317	4.71159
318	4.71036
319	4.71066
320	4.70984
321	4.70906
322	4.70881
323	4.70767
324	4.70846
325	4.71029
326	4.71272
327	4.7118
328	4.70986
329	4.70773
330	4.70683
331	4.7093
332	4.70676
333	4.70834
334	4.71567
335	4.71635
336	4.7162
337	4.71426
338	4.71268
339	4.71249
340	4.71197
341	4.71345
342	4.71289
343	4.71168
344	4.71094
345	4.71094
346	4.71307
347	4.71378
348	4.71277
349	4.71291
350	4.71264
351	4.7111
352	4.7113
353	4.71323
354	4.71455
355	4.71238
356	4.71097
357	4.71271
358	4.71524
359	4.71655
360	4.71505
361	4.71383
362	4.71278
363	4.71437
364	4.71516
365	4.71367
366	4.71197
367	4.71309
368	4.71358
369	4.71436
370	4.7161
371	4.71268
372	4.71403
373	4.71749
374	4.71643
375	4.71523
376	4.71499
377	4.71358
378	4.71328
379	4.71627
380	4.71772
381	4.71719
382	4.71688
383	4.71599
384	4.71413
385	4.71426
386	4.71587
387	4.71834
388	4.71871
389	4.7172
390	4.71763
391	4.71827
392	4.71908
393	4.7204
394	4.71872
395	4.71667
396	4.71856
397	4.71934
398	4.71656
399	4.71613
400	4.71886
401	4.71721
402	4.71623
403	4.71826
404	4.71849
405	4.71891
406	4.71823
407	4.71684
408	4.71852
409	4.71978
410	4.71946
411	4.71915
412	4.71835
413	4.71614
414	4.71682
415	4.71786
416	4.71739
417	4.72002
418	4.72085
419	4.71911
420	4.71929
421	4.72038
422	4.71538
423	4.71337
424	4.72098
425	4.72704
426	4.72912
427	4.72868
428	4.72657
429	4.72556
430	4.72675
431	4.72775
432	4.72583
433	4.72485
434	4.72372
435	4.72158
436	4.72462
437	4.7292
438	4.72851
439	4.7261
440	4.72436
441	4.72318
442	4.72345
443	4.72478
444	4.72931
445	4.72975
446	4.72543
447	4.72423
448	4.72364
449	4.72297
450	4.72374
451	4.7238
452	4.72492
453	4.72676
454	4.72649
455	4.72376
456	4.72143
457	4.72293
458	4.72465
459	4.72471
460	4.72502
461	4.7241
462	4.72323
463	4.72406
464	4.72503
465	4.72704
466	4.72634
467	4.7239
468	4.72541
469	4.72672
470	4.72524
471	4.72256
472	4.72159
473	4.72344
474	4.72542
475	4.72662
476	4.72636
477	4.72543
478	4.72494
479	4.72756
480	4.72991
481	4.72844
482	4.72723
483	4.72669
484	4.7278
485	4.7304
486	4.73039
487	4.72724
488	4.72738
489	4.72898
490	4.72743
491	4.72649
492	4.72641
493	4.72711
494	4.72728
495	4.72711
496	4.73001
497	4.72947
498	4.72794
499	4.72907
500	4.72883
501	4.72978
502	4.7303
503	4.72756
504	4.72556
505	4.72609
506	4.72799
507	4.73263
508	4.73286
509	4.73076
510	4.73083
511	4.73032
512	4.72814
513	4.72512
514	4.72551
515	4.73191
516	4.7404
517	4.74278
518	4.74435
519	4.74608
520	4.74541
521	4.74376
522	4.74136
523	4.74085
524	4.73903
525	4.73905
526	4.74046
527	4.73874
528	4.74
529	4.73803
530	4.7332
531	4.73304
532	4.73387
533	4.73522
534	4.7366
535	4.738
536	4.73698
537	4.73603
538	4.73619
539	4.73607
540	4.73335
541	4.73151
542	4.73267
543	4.73316
544	4.73445
545	4.73507
546	4.73609
547	4.73505
548	4.7328
549	4.73174
550	4.73315
551	4.73598
552	4.73734
553	4.7368
554	4.73508
555	4.7352
556	4.73549
557	4.73456
558	4.73149
559	4.73261
560	4.73557
561	4.73578
562	4.73614
563	4.73646
564	4.73794
565	4.73797
566	4.7365
567	4.73481
568	4.73516
569	4.73559
570	4.73392
571	4.73303
572	4.73396
573	4.73623
574	4.73801
575	4.73788
576	4.73566
577	4.73227
578	4.73493
579	4.73946
580	4.74063
581	4.74134
582	4.73862
583	4.73609
584	4.73661
585	4.73641
586	4.73576
587	4.73668
588	4.73914
589	4.74123
590	4.73924
591	4.73877
592	4.73963
593	4.7385
594	4.73862
595	4.7381
596	4.73838
597	4.73775
598	4.73611
599	4.73668
600	4.73704
601	4.73776
602	4.73575
603	4.73342
604	4.74051
605	4.74537
606	4.7437
607	4.74685
608	4.75326
609	4.75906
610	4.76359
611	4.76585
612	4.76312
613	4.75701
614	4.75381
615	4.75375
616	4.75409
617	4.75492
618	4.75559
619	4.75583
620	4.75549
621	4.75295
622	4.74867
623	4.74824
624	4.75084
625	4.74982
626	4.74694
627	4.74461
628	4.7442
629	4.74693
630	4.74753
631	4.74669
632	4.74452
633	4.74208
634	4.74422
635	4.74307
636	4.74057
637	4.74143
638	4.74176
639	4.74295
640	4.74456
641	4.74334
642	4.74128
643	4.74232
644	4.74541
645	4.74575
646	4.74414
647	4.74355
648	4.74143
649	4.7415
650	4.74319
651	4.74457
652	4.74528
653	4.74542
654	4.74684
655	4.74721
656	4.74458
657	4.74226
658	4.7428
659	4.74322
660	4.74302
661	4.74485
662	4.74601
663	4.74449
664	4.7436
665	4.74247
666	4.74416
667	4.74859
668	4.74845
669	4.74712
670	4.7476
671	4.7453
672	4.74379
673	4.74361
674	4.74306
675	4.74367
676	4.7438
677	4.74432
678	4.74505
679	4.74479
680	4.74872
681	4.75186
682	4.74869
683	4.74653
684	4.74476
685	4.74345
686	4.74686
687	4.74863
688	4.74668
689	4.74596
690	4.74708
691	4.74711
692	4.74509
693	4.74097
694	4.74078
695	4.74751
696	4.75321
697	4.75584
698	4.75777
699	4.76219
700	4.76825
701	4.7705
702	4.77306
703	4.77844
704	4.78288
705	4.7866
706	4.78863
707	4.78857
708	4.78852
709	4.78652
710	4.78231
711	4.77804
712	4.77533
713	4.77382
714	4.76948
715	4.76545
716	4.76519
717	4.76658
718	4.76606
719	4.76335
720	4.76225
721	4.76124
722	4.75872
723	4.75981
724	4.7592
725	4.75721
726	4.75763
727	4.75568
728	4.75379
729	4.75372
730	4.75545
731	4.75416
732	4.75164
733	4.75041
734	4.75061
735	4.75158
736	4.75042
737	4.75275
738	4.75473
739	4.75198
740	4.75094
741	4.75225
742	4.75347
743	4.75302
744	4.7509
745	4.75034
746	4.75017
747	4.75103
748	4.75139
749	4.75166
750	4.75136
751	4.75229
752	4.75398
753	4.75354
754	4.7514
755	4.75182
756	4.75308
757	4.7522
758	4.75215
759	4.75298
760	4.75399
761	4.7531
762	4.75364
763	4.75334
764	4.75168
765	4.75258
766	4.75359
767	4.75467
768	4.75462
769	4.75178
770	4.75026
771	4.75203
772	4.75538
773	4.75436
774	4.75191
775	4.75321
776	4.75462
777	4.75287
778	4.75308
779	4.75378
780	4.7516
781	4.75184
782	4.75254
783	4.75063
784	4.75086
785	4.75536
786	4.76014
787	4.76361
788	4.76739
789	4.77136
790	4.77488
791	4.77772
792	4.78054
793	4.78412
794	4.78763
795	4.79026
796	4.79175
797	4.79197
798	4.79328
799	4.79617
800	4.79815
801	4.79974
802	4.80007
803	4.8005
804	4.80135
805	4.80231
806	4.80361
807	4.80478
808	4.8073
809	4.80855
810	4.80618
811	4.80186
812	4.79973
813	4.79746
814	4.79328
815	4.78916
816	4.78776
817	4.78623
818	4.78304
819	4.78012
820	4.77774
821	4.77598
822	4.77279
823	4.77034
824	4.7689
825	4.76928
826	4.76865
827	4.7658
828	4.76494
829	4.76599
830	4.76425
831	4.76059
832	4.76125
833	4.76325
834	4.76246
835	4.76501
836	4.76603
837	4.76292
838	4.7611
839	4.7615
840	4.76175
841	4.76051
842	4.75909
843	4.75889
844	4.76045
845	4.76235
846	4.76187
847	4.76126
848	4.76138
849	4.76082
850	4.76075
851	4.75834
852	4.75906
853	4.76138
854	4.76095
855	4.76292
856	4.76294
857	4.76044
858	4.76042
859	4.76076
860	4.76142
861	4.76219
862	4.7615
863	4.76076
864	4.76076
865	4.7615
866	4.76275
867	4.76252
868	4.76181
869	4.76382
870	4.76265
