time	cp
2	4.82051
3	4.82063
4	4.81928
5	4.81955
6	4.82143
7	4.82158
8	4.81925
9	4.82014
10	4.82224
11	4.82235
12	4.82251
13	4.82334
14	4.82291
15	4.82185
16	4.82186
17	4.82268
18	4.82383
19	4.8238
20	4.82384
21	4.82395
22	4.82576
23	4.82677
24	4.82387
25	4.82216
26	4.82428
27	4.82559
28	4.82559
29	4.82532
30	4.82418
31	4.82451
32	4.82672
33	4.82713
34	4.82658
35	4.82658
36	4.82629
37	4.82693
38	4.82738
39	4.82659
40	4.82671
41	4.82751
42	4.82758
43	4.82793
44	4.82925
45	4.83129
46	4.8319
47	4.83099
48	4.83178
49	4.83204
50	4.83113
51	4.83045
52	4.82929
53	4.82996
54	4.8298
55	4.82956
56	4.83108
57	4.83179
58	4.83281
59	4.83188
60	4.83023
61	4.8304
62	4.83213
63	4.83313
64	4.8329
65	4.83344
66	4.83247
67	4.83225
68	4.83446
69	4.8346
70	4.83554
71	4.83765
72	4.83614
73	4.83431
74	4.83458
75	4.83311
76	4.83349
77	4.83438
78	4.83436
79	4.83469
80	4.83619
81	4.83972
82	4.84041
83	4.83967
84	4.83964
85	4.83963
86	4.83824
87	4.83656
88	4.83674
89	4.8347
90	4.83243
91	4.83592
92	4.83984
93	4.84024
94	4.8393
95	4.83759
96	4.83646
97	4.83905
98	4.83842
99	4.83701
100	4.84
101	4.84224
102	4.84302
103	4.84129
104	4.83883
105	4.84051
106	4.84223
107	4.83972
108	4.83999
109	4.84114
110	4.84128
111	4.84201
112	4.84143
113	4.84163
114	4.84129
115	4.84002
116	4.84259
117	4.84515
118	4.84314
119	4.84291
120	4.84405
121	4.8438
122	4.84257
123	4.84198
124	4.84131
125	4.84282
126	4.84645
127	4.84661
128	4.84801
129	4.84853
130	4.84791
131	4.8495
132	4.84829
133	4.84628
134	4.84489
135	4.84564
136	4.84697
137	4.84711
138	4.84731
139	4.84731
140	4.84838
141	4.84854
142	4.84814
143	4.84857
144	4.84854
145	4.84783
146	4.84921
147	4.85147
148	4.84896
149	4.84617
150	4.84759
151	4.84881
152	4.85032
153	4.8502
154	4.8502
155	4.85108
156	4.84981
157	4.84953
158	4.84998
159	4.84984
160	4.84894
161	4.84889
162	4.8494
163	4.85055
164	4.85105
165	4.85027
166	4.85122
167	4.85053
168	4.84883
169	4.85145
170	4.85373
171	4.85289
172	4.84974
173	4.8489
174	4.85053
175	4.85135
176	4.85364
177	4.85521
178	4.85333
179	4.85325
180	4.85438
181	4.8539
182	4.84921
183	4.84162
184	4.83435
185	4.82776
186	4.82546
187	4.82562
188	4.82927
189	4.83395
190	4.83709
191	4.84246
192	4.84865
193	4.85113
194	4.85058
195	4.84964
196	4.8501
197	4.85494
198	4.85558
199	4.85128
200	4.85187
201	4.85605
202	4.85809
203	4.85569
204	4.85723
205	4.86027
206	4.85874
207	4.85813
208	4.85696
209	4.85601
210	4.85715
211	4.85758
212	4.85854
213	4.85925
214	4.86124
215	4.86264
216	4.86115
217	4.85986
218	4.8592
219	4.85927
220	4.86146
221	4.86219
222	4.86169
223	4.86163
224	4.86084
225	4.86093
226	4.86247
227	4.86286
228	4.86212
229	4.8618
230	4.86039
231	4.86161
232	4.86228
233	4.86146
234	4.86357
235	4.86548
236	4.86596
237	4.86444
238	4.86028
239	4.85944
240	4.86028
241	4.86109
242	4.85648
243	4.84401
244	4.82448
245	4.80495
246	4.79578
247	4.79529
248	4.80418
249	4.81703
250	4.8282
251	4.83565
252	4.84366
253	4.84881
254	4.84898
255	4.85016
256	4.85171
257	4.85487
258	4.85776
259	4.85723
260	4.85783
261	4.85771
262	4.85873
263	4.86114
264	4.86403
265	4.86571
266	4.86603
267	4.86765
268	4.86692
269	4.86554
270	4.8652
271	4.86792
272	4.86843
273	4.86828
274	4.87041
275	4.86847
276	4.86815
277	4.86918
278	4.86716
279	4.86713
280	4.8687
281	4.87102
282	4.87238
283	4.87209
284	4.86986
285	4.86923
286	4.8703
287	4.86992
288	4.86947
289	4.86839
290	4.86867
291	4.86767
292	4.8683
293	4.87293
294	4.87472
295	4.87284
296	4.87313
297	4.87326
298	4.87354
299	4.8745
300	4.87247
301	4.87114
302	4.87024
303	4.87181
304	4.87644
305	4.87524
306	4.87422
307	4.87411
308	4.87219
309	4.87335
310	4.87351
311	4.87504
312	4.87574
313	4.87247
314	4.87129
315	4.87321
316	4.87401
317	4.87509
318	4.87714
319	4.87976
320	4.87986
321	4.87749
322	4.87628
323	4.87662
324	4.87458
325	4.87231
326	4.87393
327	4.87506
328	4.87683
329	4.87765
330	4.87713
331	4.87611
332	4.86688
333	4.84646
334	4.81299
335	4.77663
336	4.75485
337	4.74994
338	4.75738
339	4.77171
340	4.79165
341	4.81069
342	4.82331
343	4.83034
344	4.83677
345	4.8468
346	4.85279
347	4.85595
348	4.8604
349	4.86355
350	4.8646
351	4.86613
352	4.86951
353	4.86886
354	4.8692
355	4.86991
356	4.87183
357	4.87431
358	4.87148
359	4.87301
360	4.87722
361	4.87911
362	4.87982
363	4.87936
364	4.88067
365	4.88181
366	4.88207
367	4.8818
368	4.88153
369	4.88094
370	4.88155
371	4.88195
372	4.88106
373	4.88272
374	4.88348
375	4.88339
376	4.88279
377	4.88365
378	4.88498
379	4.88518
380	4.88489
381	4.8824
382	4.88249
383	4.88282
384	4.8833
385	4.884
386	4.88452
387	4.88638
388	4.88649
389	4.88696
390	4.88436
391	4.88298
392	4.88686
393	4.88848
394	4.88763
395	4.88736
396	4.88639
397	4.8844
398	4.88409
399	4.88445
400	4.88492
401	4.88637
402	4.88588
403	4.88594
404	4.88638
405	4.88671
406	4.88747
407	4.88665
408	4.88532
409	4.88541
410	4.88704
411	4.88743
412	4.88744
413	4.88832
414	4.88822
415	4.88738
416	4.88811
417	4.89009
418	4.88965
419	4.88891
420	4.88986
421	4.88855
422	4.88039
423	4.85808
424	4.8203
425	4.76764
426	4.71707
427	4.68665
428	4.67969
429	4.69141
430	4.71154
431	4.73531
432	4.75524
433	4.77253
434	4.79115
435	4.80414
436	4.81405
437	4.82742
438	4.83825
439	4.8425
440	4.84681
441	4.85541
442	4.86035
443	4.86219
444	4.86606
445	4.87019
446	4.87429
447	4.87694
448	4.8771
449	4.87831
450	4.87893
451	4.87935
452	4.88263
453	4.88577
454	4.88713
455	4.88891
456	4.88709
457	4.88449
458	4.88848
459	4.8919
460	4.89275
461	4.89302
462	4.89274
463	4.89187
464	4.89035
465	4.89086
466	4.89269
467	4.89314
468	4.89369
469	4.89666
470	4.89846
471	4.89592
472	4.89362
473	4.89375
474	4.89376
475	4.89461
476	4.89497
477	4.89507
478	4.89597
479	4.89447
480	4.89436
481	4.89704
482	4.89617
483	4.89475
484	4.89677
485	4.89827
486	4.89882
487	4.89859
488	4.89806
489	4.89793
490	4.89871
491	4.89728
492	4.89559
493	4.8965
494	4.8964
495	4.89761
496	4.89942
497	4.90213
498	4.90374
499	4.9022
500	4.90077
501	4.89849
502	4.89864
503	4.90075
504	4.90157
505	4.90126
506	4.90079
507	4.89997
508	4.90164
509	4.9031
510	4.89972
511	4.89889
512	4.8932
513	4.86791
514	4.8217
515	4.75831
516	4.69121
517	4.63839
518	4.60433
519	4.59074
520	4.59513
521	4.60905
522	4.62746
523	4.65023
524	4.67435
525	4.6956
526	4.71595
527	4.73592
528	4.75487
529	4.77272
530	4.78479
531	4.79395
532	4.80482
533	4.81421
534	4.82567
535	4.83531
536	4.84175
537	4.85134
538	4.85836
539	4.8626
540	4.86861
541	4.87276
542	4.87626
543	4.88095
544	4.88321
545	4.88497
546	4.88898
547	4.892
548	4.89217
549	4.8909
550	4.89182
551	4.89266
552	4.89345
553	4.8997
554	4.90382
555	4.90226
556	4.90225
557	4.90304
558	4.90283
559	4.90136
560	4.9015
561	4.90319
562	4.90472
563	4.90652
564	4.90482
565	4.90401
566	4.90584
567	4.90693
568	4.90777
569	4.90618
570	4.90625
571	4.90811
572	4.90832
573	4.90763
574	4.9062
575	4.90743
576	4.90831
577	4.90747
578	4.90852
579	4.90854
580	4.9077
581	4.90978
582	4.9113
583	4.90856
584	4.90747
585	4.90781
586	4.90843
587	4.91079
588	4.91101
589	4.90861
590	4.90762
591	4.90896
592	4.90994
593	4.90816
594	4.90699
595	4.91081
596	4.91328
597	4.91161
598	4.91094
599	4.9114
600	4.91073
601	4.90897
602	4.90398
603	4.89193
604	4.8618
605	4.81095
606	4.75242
607	4.69464
608	4.64322
609	4.60354
610	4.57656
611	4.55965
612	4.55294
613	4.55904
614	4.57539
615	4.5956
616	4.61925
617	4.64341
618	4.66549
619	4.68841
620	4.70968
621	4.72637
622	4.73966
623	4.75412
624	4.76974
625	4.78266
626	4.79405
627	4.80602
628	4.81699
629	4.82603
630	4.83425
631	4.83955
632	4.8468
633	4.8568
634	4.86289
635	4.86747
636	4.87218
637	4.87748
638	4.88109
639	4.8832
640	4.88548
641	4.88842
642	4.89348
643	4.89927
644	4.89985
645	4.89818
646	4.89847
647	4.90074
648	4.90279
649	4.9009
650	4.90305
651	4.90767
652	4.90934
653	4.91011
654	4.91055
655	4.9098
656	4.91029
657	4.91303
658	4.91458
659	4.91255
660	4.9101
661	4.91106
662	4.91349
663	4.91492
664	4.91571
665	4.91696
666	4.91646
667	4.91347
668	4.91299
669	4.91425
670	4.91507
671	4.91644
672	4.91719
673	4.91601
674	4.91382
675	4.91386
676	4.91472
677	4.91502
678	4.91527
679	4.91746
680	4.9199
681	4.91928
682	4.91841
683	4.91768
684	4.9152
685	4.91654
686	4.91903
687	4.91869
688	4.92023
689	4.92077
690	4.91695
691	4.9158
692	4.9161
693	4.9113
694	4.90254
695	4.88549
696	4.86386
697	4.84696
698	4.83075
699	4.81209
700	4.79619
701	4.7841
702	4.77443
703	4.77337
704	4.77596
705	4.78106
706	4.79244
707	4.80445
708	4.81399
709	4.82451
710	4.838
711	4.84906
712	4.8596
713	4.86844
714	4.87495
715	4.88089
716	4.88517
717	4.88863
718	4.89056
719	4.89427
720	4.89927
721	4.90144
722	4.90268
723	4.90267
724	4.90239
725	4.90494
726	4.90747
727	4.91041
728	4.91192
729	4.90915
730	4.90761
731	4.90966
732	4.91277
733	4.9139
734	4.91495
735	4.91506
736	4.9154
737	4.91806
738	4.91838
739	4.91824
740	4.91974
741	4.92129
742	4.92141
743	4.92119
744	4.92181
745	4.921
746	4.92048
747	4.9224
748	4.92331
749	4.92381
750	4.92198
751	4.9192
752	4.92114
753	4.92247
754	4.924
755	4.92591
756	4.9263
757	4.92699
758	4.92564
759	4.9261
760	4.9277
761	4.92691
762	4.92618
763	4.92407
764	4.9258
765	4.92831
766	4.92532
767	4.9239
768	4.9262
769	4.92842
770	4.92835
771	4.92774
772	4.92733
773	4.92615
774	4.92608
775	4.92732
776	4.92722
777	4.92713
778	4.92766
779	4.92818
780	4.9282
781	4.928
782	4.92609
783	4.92195
784	4.91964
785	4.92013
786	4.91941
787	4.91742
788	4.91941
789	4.9211
790	4.91892
791	4.92027
792	4.92509
793	4.92796
794	4.92689
795	4.92673
796	4.93092
797	4.93576
798	4.93819
799	4.94028
800	4.94393
801	4.94717
802	4.95174
803	4.95295
804	4.95389
805	4.95808
806	4.95989
807	4.96166
808	4.96689
809	4.96876
810	4.96636
811	4.96372
812	4.96074
813	4.95996
814	4.95906
815	4.95776
816	4.95635
817	4.95502
818	4.9515
819	4.94797
820	4.94752
821	4.94454
822	4.94311
823	4.94474
824	4.94388
825	4.94114
826	4.94087
827	4.94096
828	4.93792
829	4.93739
830	4.93877
831	4.93751
832	4.93653
833	4.93544
834	4.93372
835	4.93435
836	4.93506
837	4.93599
838	4.93661
839	4.93478
840	4.93279
841	4.93333
842	4.93577
843	4.93677
844	4.93493
845	4.93256
846	4.93335
847	4.93586
848	4.93616
849	4.93509
850	4.93572
851	4.93555
852	4.9347
853	4.93279
854	4.9323
855	4.93465
856	4.93407
857	4.93328
858	4.93487
859	4.93441
860	4.93456
861	4.93561
862	4.93474
863	4.93396
864	4.93402
865	4.93484
866	4.93503
867	4.93342
868	4.93511
869	4.93773
870	4.93503
