DH	INJV	Xt	Mt	XMt	NDH	Fit	DY
-1.48256	0.1	0	0.01001	0.09598	--	-9693.7176	--
-3.53118	0.2	9.60315E-4	0.01001	0.28809	-9382.58639	-9398.50352	15.91713
-6.3682	0.4	0.00288	0.01	0.67287	-8252.54202	-8229.90226	-22.63976
-5.50083	0.8	0.00671	0.00998	1.44471	-3569.92825	-3586.48053	16.55228
-1.3425	1.6	0.01435	0.00994	2.99747	-487.64127	-440.23703	-47.40425
-0.16348	3.2	0.02955	0.00986	6.13933	-67.17424	-59.68107	-7.49317
0.16603	6.4	0.05957	0.0097	12.56842	-35.95428	-11.11904	-24.83524
0.70663	12.8	0.11817	0.0094	26.00801	-25.14469	-2.253	-22.89169
	--	0.22954	0.00883	--			
