time	cp
2	4.55808
3	4.5569
4	4.55658
5	4.55479
6	4.55376
7	4.55178
8	4.55102
9	4.55496
10	4.55874
11	4.55827
12	4.55678
13	4.55611
14	4.55656
15	4.55453
16	4.55333
17	4.55508
18	4.55626
19	4.5579
20	4.55701
21	4.55736
22	4.56086
23	4.56262
24	4.55991
25	4.55597
26	4.55501
27	4.55555
28	4.55565
29	4.5581
30	4.56055
31	4.55854
32	4.55635
33	4.55731
34	4.55816
35	4.55698
36	4.55789
37	4.55901
38	4.56085
39	4.56207
40	4.55859
41	4.55722
42	4.55905
43	4.55947
44	4.5602
45	4.5614
46	4.56174
47	4.56016
48	4.55835
49	4.56074
50	4.56346
51	4.56279
52	4.56127
53	4.56199
54	4.5636
55	4.56232
56	4.55943
57	4.55833
58	4.55971
59	4.56208
60	4.56459
61	4.5651
62	4.56288
63	4.56291
64	4.56278
65	4.56087
66	4.56146
67	4.56099
68	4.56178
69	4.56452
70	4.5642
71	4.56426
72	4.56511
73	4.56425
74	4.56253
75	4.5598
76	4.56214
77	4.56486
78	4.56144
79	4.56064
80	4.56408
81	4.56525
82	4.56546
83	4.56705
84	4.56736
85	4.56561
86	4.56512
87	4.56666
88	4.56728
89	4.56646
90	4.56474
91	4.56711
92	4.56902
93	4.56601
94	4.56454
95	4.56531
96	4.5682
97	4.57083
98	4.57007
99	4.56874
100	4.56989
101	4.56942
102	4.56836
103	4.56697
104	4.56634
105	4.56896
106	4.56995
107	4.56936
108	4.5684
109	4.56626
110	4.56729
111	4.56767
112	4.56613
113	4.56949
114	4.57008
115	4.56829
116	4.57028
117	4.57159
118	4.56992
119	4.57018
120	4.56966
121	4.56934
122	4.57203
123	4.57316
124	4.5726
125	4.57249
126	4.5707
127	4.56967
128	4.57105
129	4.57124
130	4.5706
131	4.56949
132	4.57043
133	4.56965
134	4.56891
135	4.57249
136	4.57578
137	4.57415
138	4.57175
139	4.5718
140	4.57203
141	4.57187
142	4.57046
143	4.57213
144	4.57362
145	4.57375
146	4.57493
147	4.57363
148	4.57302
149	4.57394
150	4.57287
151	4.57221
152	4.57386
153	4.57472
154	4.57428
155	4.57387
156	4.57428
157	4.57214
158	4.57205
159	4.57486
160	4.57446
161	4.57461
162	4.5749
163	4.57506
164	4.5755
165	4.57566
166	4.57606
167	4.57574
168	4.57595
169	4.57703
170	4.57783
171	4.57808
172	4.57708
173	4.5763
174	4.57673
175	4.57666
176	4.57673
177	4.57595
178	4.57593
179	4.57775
180	4.57642
181	4.57576
182	4.57751
183	4.58117
184	4.58384
185	4.58283
186	4.58102
187	4.58108
188	4.57969
189	4.57666
190	4.57731
191	4.57707
192	4.57719
193	4.5784
194	4.57845
195	4.57956
196	4.57937
197	4.57798
198	4.58005
199	4.5815
200	4.58095
201	4.58191
202	4.58035
203	4.57792
204	4.57928
205	4.58092
206	4.58134
207	4.57967
208	4.57984
209	4.58265
210	4.5803
211	4.57805
212	4.58138
213	4.58215
214	4.57971
215	4.58038
216	4.58192
217	4.58208
218	4.58383
219	4.58551
220	4.58457
221	4.58241
222	4.58167
223	4.58224
224	4.58043
225	4.58044
226	4.58042
227	4.57886
228	4.58078
229	4.58168
230	4.58324
231	4.58613
232	4.58433
233	4.58146
234	4.58144
235	4.58212
236	4.58322
237	4.58555
238	4.58346
239	4.58188
240	4.58371
241	4.58178
242	4.57917
243	4.58099
244	4.58456
245	4.58801
246	4.58863
247	4.5868
248	4.58692
249	4.58713
250	4.58754
251	4.58693
252	4.5856
253	4.58675
254	4.58913
255	4.5888
256	4.5887
257	4.58813
258	4.58719
259	4.58933
260	4.59044
261	4.59045
262	4.58809
263	4.58532
264	4.5871
265	4.58857
266	4.58831
267	4.5877
268	4.58839
269	4.59068
270	4.5899
271	4.58739
272	4.58639
273	4.58648
274	4.58779
275	4.5875
276	4.58439
277	4.58326
278	4.58593
279	4.58875
280	4.59045
281	4.59208
282	4.59209
283	4.59104
284	4.59044
285	4.59066
286	4.59145
287	4.59162
288	4.58968
289	4.58743
290	4.58917
291	4.59071
292	4.58839
293	4.58849
294	4.58899
295	4.58745
296	4.59009
297	4.59331
298	4.59205
299	4.59306
300	4.59449
301	4.59248
302	4.58898
303	4.58729
304	4.58886
305	4.59086
306	4.59304
307	4.59336
308	4.5916
309	4.59102
310	4.59202
311	4.59308
312	4.59252
313	4.59255
314	4.59297
315	4.5925
316	4.5954
317	4.59718
318	4.59552
319	4.59352
320	4.59358
321	4.59401
322	4.59216
323	4.59191
324	4.59189
325	4.59046
326	4.59114
327	4.59327
328	4.5949
329	4.5925
330	4.59272
331	4.59637
332	4.59344
333	4.59075
334	4.59461
335	4.59753
336	4.59908
337	4.59977
338	4.59848
339	4.59823
340	4.59723
341	4.5969
342	4.5983
343	4.59836
344	4.59681
345	4.59533
346	4.59584
347	4.59762
348	4.59918
349	4.59819
350	4.59362
351	4.5947
352	4.59788
353	4.59961
354	4.59927
355	4.59884
356	4.59872
357	4.59837
358	4.59898
359	4.59864
360	4.59909
361	4.59866
362	4.59758
363	4.59713
364	4.59773
365	4.5972
366	4.59678
367	4.59598
368	4.59577
369	4.59584
370	4.59708
371	4.59931
372	4.59945
373	4.60109
374	4.60289
375	4.60187
376	4.59936
377	4.59722
378	4.59751
379	4.59825
380	4.59761
381	4.59952
382	4.6013
383	4.60091
384	4.60096
385	4.59857
386	4.59721
387	4.60069
388	4.6024
389	4.60193
390	4.60138
391	4.60087
392	4.6039
393	4.60345
394	4.6013
395	4.60192
396	4.60237
397	4.60375
398	4.60406
399	4.60124
400	4.59862
401	4.59976
402	4.60235
403	4.60228
404	4.60118
405	4.60253
406	4.6024
407	4.60255
408	4.60389
409	4.60281
410	4.60079
411	4.6014
412	4.60222
413	4.60171
414	4.603
415	4.6039
416	4.60524
417	4.60614
418	4.60413
419	4.60172
420	4.60185
421	4.60224
422	4.59772
423	4.59566
424	4.60199
425	4.61009
426	4.61248
427	4.61078
428	4.60994
429	4.60961
430	4.61116
431	4.61172
432	4.61042
433	4.60943
434	4.60949
435	4.60868
436	4.60819
437	4.60908
438	4.6071
439	4.60592
440	4.60879
441	4.61184
442	4.60913
443	4.60619
444	4.60872
445	4.61026
446	4.60811
447	4.60748
448	4.60794
449	4.60785
450	4.60895
451	4.60968
452	4.6087
453	4.60755
454	4.60727
455	4.60711
456	4.60943
457	4.61009
458	4.60858
459	4.61126
460	4.61072
461	4.6086
462	4.60858
463	4.60851
464	4.60919
465	4.60915
466	4.60866
467	4.60767
468	4.60709
469	4.60859
470	4.61074
471	4.61133
472	4.60986
473	4.60816
474	4.60827
475	4.60633
476	4.6062
477	4.60854
478	4.60819
479	4.6098
480	4.61064
481	4.60816
482	4.60594
483	4.60552
484	4.60858
485	4.61069
486	4.61052
487	4.61096
488	4.61123
489	4.61361
490	4.61422
491	4.61232
492	4.61255
493	4.61045
494	4.60962
495	4.60982
496	4.60846
497	4.60937
498	4.61188
499	4.61266
500	4.6116
501	4.61055
502	4.60934
503	4.61101
504	4.61252
505	4.61317
506	4.6148
507	4.61425
508	4.61149
509	4.61042
510	4.61261
511	4.61395
512	4.61204
513	4.60731
514	4.60741
515	4.61275
516	4.61884
517	4.62385
518	4.62613
519	4.62765
520	4.6275
521	4.62397
522	4.62323
523	4.62596
524	4.62488
525	4.62156
526	4.62266
527	4.62411
528	4.62163
529	4.62002
530	4.62098
531	4.62177
532	4.61981
533	4.61785
534	4.61796
535	4.61847
536	4.62139
537	4.62243
538	4.61823
539	4.61608
540	4.61686
541	4.61698
542	4.61592
543	4.61729
544	4.61802
545	4.61849
546	4.62158
547	4.62087
548	4.61633
549	4.61394
550	4.6176
551	4.61966
552	4.61752
553	4.61671
554	4.61768
555	4.61846
556	4.61643
557	4.61498
558	4.61631
559	4.61881
560	4.61665
561	4.61527
562	4.61732
563	4.61666
564	4.61704
565	4.61697
566	4.61732
567	4.61969
568	4.61955
569	4.61859
570	4.6186
571	4.61843
572	4.6183
573	4.61842
574	4.61793
575	4.61972
576	4.62004
577	4.61926
578	4.6181
579	4.617
580	4.61909
581	4.61932
582	4.61827
583	4.61892
584	4.62061
585	4.6211
586	4.61994
587	4.62067
588	4.62331
589	4.62129
590	4.61877
591	4.62007
592	4.61967
593	4.61771
594	4.61814
595	4.61961
596	4.62157
597	4.62194
598	4.62192
599	4.62258
600	4.62065
601	4.61953
602	4.62004
603	4.61474
604	4.61094
605	4.61363
606	4.61823
607	4.62516
608	4.63
609	4.63528
610	4.63898
611	4.64057
612	4.64411
613	4.64486
614	4.64447
615	4.64308
616	4.64064
617	4.6406
618	4.64008
619	4.63604
620	4.63477
621	4.63523
622	4.63182
623	4.63188
624	4.63535
625	4.6351
626	4.63162
627	4.63059
628	4.63232
629	4.63127
630	4.62975
631	4.62674
632	4.62384
633	4.62653
634	4.62906
635	4.62749
636	4.62515
637	4.62472
638	4.62479
639	4.62239
640	4.62033
641	4.62405
642	4.62854
643	4.62881
644	4.62889
645	4.62852
646	4.62642
647	4.62668
648	4.62704
649	4.62625
650	4.62329
651	4.62296
652	4.62551
653	4.62622
654	4.62593
655	4.62556
656	4.62739
657	4.62834
658	4.62724
659	4.62558
660	4.62346
661	4.62238
662	4.62288
663	4.62422
664	4.62592
665	4.62661
666	4.62523
667	4.62574
668	4.62703
669	4.62661
670	4.62616
671	4.62554
672	4.62628
673	4.62669
674	4.62547
675	4.62616
676	4.62752
677	4.62768
678	4.62818
679	4.62827
680	4.62995
681	4.62964
682	4.62963
683	4.6302
684	4.62932
685	4.63153
686	4.63006
687	4.62554
688	4.62556
689	4.62724
690	4.62739
691	4.62553
692	4.62265
693	4.62096
694	4.62188
695	4.62399
696	4.62531
697	4.62895
698	4.63463
699	4.64027
700	4.64461
701	4.64647
702	4.64889
703	4.65197
704	4.65501
705	4.66347
706	4.66985
707	4.66819
708	4.66613
709	4.66777
710	4.66926
711	4.66663
712	4.66328
713	4.66053
714	4.65619
715	4.65248
716	4.65205
717	4.6516
718	4.64998
719	4.64893
720	4.64704
721	4.64328
722	4.64218
723	4.64189
724	4.63963
725	4.64044
726	4.63932
727	4.63573
728	4.63537
729	4.63595
730	4.6372
731	4.63635
732	4.63437
733	4.63402
734	4.63578
735	4.63587
736	4.63396
737	4.63486
738	4.63487
739	4.63302
740	4.63117
741	4.63157
742	4.63525
743	4.63579
744	4.63506
745	4.63395
746	4.63133
747	4.63267
748	4.63484
749	4.63526
750	4.63365
751	4.63148
752	4.63209
753	4.63287
754	4.63417
755	4.63641
756	4.63568
757	4.63456
758	4.63493
759	4.63425
760	4.63203
761	4.63049
762	4.63385
763	4.63475
764	4.63663
765	4.63811
766	4.6334
767	4.63181
768	4.63196
769	4.63361
770	4.63549
771	4.63655
772	4.63751
773	4.63599
774	4.63411
775	4.63691
776	4.63654
777	4.63222
778	4.63465
779	4.63626
780	4.63544
781	4.63663
782	4.63598
783	4.63066
784	4.62693
785	4.6299
786	4.63126
787	4.63477
788	4.64236
789	4.64717
790	4.65006
791	4.65446
792	4.65741
793	4.65925
794	4.66081
795	4.66356
796	4.66726
797	4.67089
798	4.67284
799	4.67239
800	4.675
801	4.67975
802	4.68164
803	4.68317
804	4.68328
805	4.68257
806	4.68632
807	4.68851
808	4.69098
809	4.69133
810	4.68935
811	4.68677
812	4.68354
813	4.68196
814	4.67962
815	4.67523
816	4.67314
817	4.67316
818	4.67088
819	4.66718
820	4.66447
821	4.66295
822	4.66107
823	4.6573
824	4.65078
825	4.64986
826	4.65299
827	4.6524
828	4.65156
829	4.64975
830	4.64729
831	4.64595
832	4.64636
833	4.64652
834	4.64529
835	4.64354
836	4.64162
837	4.64117
838	4.64101
839	4.64203
840	4.64322
841	4.64157
842	4.64211
843	4.64252
844	4.64036
845	4.64043
846	4.64279
847	4.64259
848	4.64089
849	4.64067
850	4.6406
851	4.64297
852	4.6434
853	4.64405
854	4.6438
855	4.64253
856	4.64173
857	4.64241
858	4.64358
859	4.64029
860	4.64082
861	4.64477
862	4.6446
863	4.64413
864	4.64284
865	4.64103
866	4.64044
867	4.64043
868	4.64155
869	4.64257
870	4.64258
