time	cp
2	4.65233
3	4.65457
4	4.65315
5	4.65271
6	4.65543
7	4.65482
8	4.65142
9	4.65284
10	4.65459
11	4.65261
12	4.65193
13	4.65229
14	4.65231
15	4.65411
16	4.65516
17	4.65522
18	4.65703
19	4.65829
20	4.65726
21	4.65699
22	4.65699
23	4.65406
24	4.65527
25	4.65679
26	4.65651
27	4.65693
28	4.65696
29	4.65781
30	4.65703
31	4.65654
32	4.65572
33	4.65607
34	4.65815
35	4.66196
36	4.66071
37	4.65488
38	4.6554
39	4.65762
40	4.65779
41	4.66001
42	4.66134
43	4.65861
44	4.65906
45	4.65948
46	4.6591
47	4.65977
48	4.65828
49	4.65844
50	4.65945
51	4.65904
52	4.65937
53	4.65975
54	4.65996
55	4.65958
56	4.65992
57	4.6608
58	4.66175
59	4.66123
60	4.65906
61	4.65977
62	4.66076
63	4.66187
64	4.66412
65	4.66447
66	4.66399
67	4.66051
68	4.65755
69	4.66072
70	4.66428
71	4.66314
72	4.66362
73	4.66681
74	4.6645
75	4.66368
76	4.66568
77	4.66389
78	4.66121
79	4.66221
80	4.66538
81	4.66778
82	4.66672
83	4.66427
84	4.66484
85	4.66619
86	4.66653
87	4.6653
88	4.66667
89	4.67138
90	4.67166
91	4.66939
92	4.66949
93	4.66864
94	4.66776
95	4.66856
96	4.66822
97	4.6689
98	4.67025
99	4.66981
100	4.66813
101	4.66886
102	4.6686
103	4.66661
104	4.66644
105	4.66526
106	4.66664
107	4.66944
108	4.66916
109	4.66929
110	4.66941
111	4.66888
112	4.67036
113	4.67023
114	4.669
115	4.66957
116	4.67135
117	4.67127
118	4.67056
119	4.66864
120	4.66761
121	4.67155
122	4.67384
123	4.67206
124	4.67098
125	4.67093
126	4.67085
127	4.6731
128	4.67521
129	4.67509
130	4.6746
131	4.6765
132	4.67561
133	4.67299
134	4.67341
135	4.67244
136	4.67084
137	4.67109
138	4.67317
139	4.67349
140	4.67318
141	4.67183
142	4.67131
143	4.6732
144	4.67466
145	4.67638
146	4.67771
147	4.67768
148	4.67659
149	4.67638
150	4.67466
151	4.67332
152	4.67422
153	4.67622
154	4.67778
155	4.67818
156	4.67756
157	4.67603
158	4.67683
159	4.6783
160	4.67943
161	4.67742
162	4.67667
163	4.68015
164	4.68073
165	4.67805
166	4.68017
167	4.68265
168	4.68002
169	4.6785
170	4.67789
171	4.67801
172	4.67878
173	4.67908
174	4.67926
175	4.67981
176	4.6789
177	4.68033
178	4.68059
179	4.68072
180	4.68119
181	4.67927
182	4.66994
183	4.64734
184	4.61376
185	4.57483
186	4.54933
187	4.54427
188	4.55019
189	4.56288
190	4.5771
191	4.59059
192	4.60626
193	4.61932
194	4.63005
195	4.63971
196	4.64598
197	4.65075
198	4.65208
199	4.65592
200	4.66399
201	4.66972
202	4.67247
203	4.67264
204	4.6753
205	4.67753
206	4.67677
207	4.67519
208	4.67391
209	4.6755
210	4.67707
211	4.6776
212	4.67928
213	4.68104
214	4.68151
215	4.68231
216	4.6816
217	4.68168
218	4.68404
219	4.68357
220	4.68328
221	4.68573
222	4.68753
223	4.68656
224	4.68405
225	4.6835
226	4.68412
227	4.68291
228	4.68239
229	4.68451
230	4.68481
231	4.68599
232	4.68654
233	4.68538
234	4.68557
235	4.68389
236	4.68521
237	4.68695
238	4.68831
239	4.69046
240	4.68938
241	4.68761
242	4.67294
243	4.63889
244	4.58661
245	4.52342
246	4.47499
247	4.44905
248	4.44167
249	4.44661
250	4.4579
251	4.47177
252	4.48885
253	4.50634
254	4.52204
255	4.5384
256	4.55436
257	4.57221
258	4.59086
259	4.60565
260	4.61676
261	4.62656
262	4.63448
263	4.63929
264	4.646
265	4.65305
266	4.65722
267	4.66125
268	4.66434
269	4.66716
270	4.67059
271	4.67539
272	4.679
273	4.68243
274	4.68218
275	4.6827
276	4.68622
277	4.68739
278	4.68687
279	4.6878
280	4.69142
281	4.68834
282	4.68446
283	4.68595
284	4.69106
285	4.69258
286	4.69015
287	4.69223
288	4.69265
289	4.69098
290	4.69289
291	4.69186
292	4.69014
293	4.69339
294	4.69421
295	4.69214
296	4.69054
297	4.69058
298	4.69125
299	4.69187
300	4.69351
301	4.69343
302	4.69399
303	4.6967
304	4.69722
305	4.69693
306	4.69562
307	4.6969
308	4.69798
309	4.69691
310	4.69705
311	4.69608
312	4.69448
313	4.69183
314	4.69474
315	4.69787
316	4.69864
317	4.69995
318	4.69816
319	4.69914
320	4.69916
321	4.69737
322	4.69722
323	4.69768
324	4.69963
325	4.69924
326	4.69926
327	4.69957
328	4.69772
329	4.69722
330	4.69867
331	4.69966
332	4.69094
333	4.66082
334	4.60067
335	4.52212
336	4.44808
337	4.39097
338	4.35903
339	4.34709
340	4.34705
341	4.35187
342	4.35778
343	4.36646
344	4.37824
345	4.39596
346	4.4175
347	4.44217
348	4.46945
349	4.49376
350	4.51325
351	4.53546
352	4.55639
353	4.57258
354	4.5881
355	4.60184
356	4.61103
357	4.61841
358	4.6266
359	4.63425
360	4.64197
361	4.64729
362	4.65469
363	4.66097
364	4.66473
365	4.66937
366	4.67377
367	4.67627
368	4.67843
369	4.68086
370	4.68566
371	4.68786
372	4.68423
373	4.6853
374	4.69028
375	4.6933
376	4.69363
377	4.69625
378	4.69803
379	4.69727
380	4.69765
381	4.69908
382	4.7
383	4.69988
384	4.69867
385	4.69863
386	4.70117
387	4.70217
388	4.70227
389	4.70411
390	4.70504
391	4.70404
392	4.70228
393	4.70288
394	4.70588
395	4.70594
396	4.70443
397	4.70526
398	4.70554
399	4.70401
400	4.70411
401	4.70612
402	4.70825
403	4.7093
404	4.70849
405	4.70338
406	4.70245
407	4.70497
408	4.70574
409	4.70708
410	4.70682
411	4.7066
412	4.70563
413	4.70683
414	4.71018
415	4.71081
416	4.70823
417	4.70854
418	4.71005
419	4.70878
420	4.70782
421	4.70753
422	4.6991
423	4.67161
424	4.62661
425	4.56707
426	4.50256
427	4.45037
428	4.4237
429	4.41536
430	4.4127
431	4.41396
432	4.4178
433	4.42573
434	4.43872
435	4.45699
436	4.47734
437	4.49836
438	4.52071
439	4.5396
440	4.55712
441	4.5753
442	4.58832
443	4.60084
444	4.61185
445	4.62112
446	4.63257
447	4.64293
448	4.64997
449	4.65403
450	4.65871
451	4.66408
452	4.66859
453	4.67284
454	4.67599
455	4.67876
456	4.68285
457	4.68495
458	4.68712
459	4.69209
460	4.69356
461	4.69204
462	4.69368
463	4.69798
464	4.70171
465	4.70272
466	4.70109
467	4.70033
468	4.70132
469	4.70577
470	4.71013
471	4.70851
472	4.70544
473	4.70495
474	4.70659
475	4.70798
476	4.70973
477	4.71123
478	4.71057
479	4.7089
480	4.70844
481	4.7107
482	4.7137
483	4.71534
484	4.71483
485	4.71504
486	4.71439
487	4.71441
488	4.71467
489	4.71414
490	4.71458
491	4.7152
492	4.7149
493	4.71529
494	4.71566
495	4.71534
496	4.71687
497	4.71663
498	4.7163
499	4.71551
500	4.71406
501	4.71279
502	4.71275
503	4.71374
504	4.71512
505	4.719
506	4.71928
507	4.71826
508	4.72027
509	4.72009
510	4.72201
511	4.72187
512	4.71573
513	4.7066
514	4.69017
515	4.67365
516	4.66022
517	4.64907
518	4.64201
519	4.64111
520	4.64484
521	4.64732
522	4.64798
523	4.64815
524	4.65216
525	4.65455
526	4.65718
527	4.66538
528	4.67464
529	4.68144
530	4.6859
531	4.69129
532	4.69686
533	4.69925
534	4.70247
535	4.70385
536	4.70507
537	4.70881
538	4.70847
539	4.70908
540	4.71098
541	4.71002
542	4.71001
543	4.71152
544	4.71304
545	4.71333
546	4.71439
547	4.71734
548	4.71904
549	4.71929
550	4.71859
551	4.71704
552	4.71835
553	4.72119
554	4.72316
555	4.7235
556	4.72096
557	4.71855
558	4.72083
559	4.7235
560	4.72153
561	4.72166
562	4.72223
563	4.72231
564	4.72576
565	4.72514
566	4.72216
567	4.72198
568	4.72084
569	4.72178
570	4.7236
571	4.72462
572	4.72469
573	4.72475
574	4.72592
575	4.72793
576	4.72812
577	4.72551
578	4.72577
579	4.72671
580	4.72549
581	4.72535
582	4.72586
583	4.72604
584	4.72845
585	4.72896
586	4.72728
587	4.7259
588	4.72512
589	4.7273
590	4.72755
591	4.72687
592	4.72962
593	4.73145
594	4.7288
595	4.72836
596	4.72946
597	4.72772
598	4.7281
599	4.72934
600	4.72957
601	4.73072
602	4.72779
603	4.72116
604	4.71608
605	4.71194
606	4.70872
607	4.70546
608	4.70618
609	4.71297
610	4.71907
611	4.72165
612	4.72527
613	4.72803
614	4.7277
615	4.72737
616	4.72806
617	4.72848
618	4.72635
619	4.7273
620	4.72907
621	4.72898
622	4.73005
623	4.72999
624	4.73079
625	4.73034
626	4.72905
627	4.72951
628	4.73049
629	4.73111
630	4.73152
631	4.73176
632	4.73148
633	4.73106
634	4.7294
635	4.72941
636	4.73276
637	4.73395
638	4.73336
639	4.73214
640	4.73345
641	4.73382
642	4.73025
643	4.72895
644	4.72955
645	4.73109
646	4.73212
647	4.7329
648	4.73175
649	4.73264
650	4.73294
651	4.73112
652	4.73253
653	4.73142
654	4.7322
655	4.73428
656	4.73468
657	4.735
658	4.73409
659	4.73487
660	4.73618
661	4.73373
662	4.73188
663	4.7334
664	4.73123
665	4.73088
666	4.73469
667	4.73566
668	4.73438
669	4.7322
670	4.73231
671	4.73344
672	4.73503
673	4.73871
674	4.73819
675	4.73474
676	4.73322
677	4.7316
678	4.73213
679	4.73683
680	4.7384
681	4.73697
682	4.73535
683	4.73424
684	4.73546
685	4.73967
686	4.74131
687	4.73922
688	4.73931
689	4.7396
690	4.73685
691	4.73397
692	4.73314
693	4.72929
694	4.72574
695	4.72359
696	4.72364
697	4.72835
698	4.73125
699	4.7349
700	4.73972
701	4.7426
702	4.7444
703	4.74687
704	4.74947
705	4.75458
706	4.75782
707	4.75855
708	4.75979
709	4.76108
710	4.76214
711	4.75875
712	4.75764
713	4.75689
714	4.75571
715	4.75526
716	4.75041
717	4.74675
718	4.7462
719	4.74567
720	4.74549
721	4.74659
722	4.74817
723	4.7489
724	4.74713
725	4.74397
726	4.7425
727	4.74139
728	4.74031
729	4.74013
730	4.7405
731	4.74078
732	4.74101
733	4.74183
734	4.7425
735	4.74153
736	4.74048
737	4.74018
738	4.7394
739	4.74127
740	4.74331
741	4.74186
742	4.74179
743	4.74083
744	4.73869
745	4.73981
746	4.74148
747	4.74099
748	4.74056
749	4.74046
750	4.74228
751	4.74546
752	4.74475
753	4.74184
754	4.7408
755	4.74202
756	4.74249
757	4.74114
758	4.74069
759	4.74138
760	4.74221
761	4.7438
762	4.74305
763	4.74288
764	4.74341
765	4.74345
766	4.74372
767	4.74322
768	4.74268
769	4.7415
770	4.74041
771	4.74058
772	4.74465
773	4.74883
774	4.74777
775	4.74556
776	4.74398
777	4.74437
778	4.74813
779	4.74706
780	4.74262
781	4.74371
782	4.74442
783	4.73945
784	4.73769
785	4.73724
786	4.73594
787	4.73585
788	4.74129
789	4.74881
790	4.75261
791	4.75454
792	4.75519
793	4.75685
794	4.76122
795	4.76259
796	4.76376
797	4.76895
798	4.76967
799	4.77221
800	4.77562
801	4.77635
802	4.77754
803	4.77718
804	4.77757
805	4.77859
806	4.77975
807	4.78318
808	4.78846
809	4.78975
810	4.78727
811	4.78598
812	4.78315
813	4.77988
814	4.77563
815	4.77182
816	4.77054
817	4.7693
818	4.76857
819	4.76796
820	4.76761
821	4.76402
822	4.76119
823	4.76277
824	4.76233
825	4.75959
826	4.75656
827	4.75664
828	4.75624
829	4.75382
830	4.75401
831	4.75369
832	4.75477
833	4.75464
834	4.75198
835	4.7527
836	4.75279
837	4.75149
838	4.75125
839	4.7505
840	4.75006
841	4.74956
842	4.74739
843	4.74695
844	4.75083
845	4.75433
846	4.75307
847	4.75346
848	4.7541
849	4.74981
850	4.74812
851	4.7498
852	4.75306
853	4.75277
854	4.74897
855	4.74897
856	4.74887
857	4.74988
858	4.75049
859	4.74967
860	4.75201
861	4.75228
862	4.75332
863	4.75563
864	4.75351
865	4.75313
866	4.7522
867	4.75018
868	4.75202
869	4.75309
870	4.7549
