time	cp
2	4.73781
3	4.73887
4	4.73964
5	4.74044
6	4.73928
7	4.73888
8	4.73941
9	4.73949
10	4.74154
11	4.7426
12	4.74017
13	4.73917
14	4.74
15	4.74054
16	4.73979
17	4.73844
18	4.73763
19	4.73812
20	4.74154
21	4.74085
22	4.73985
23	4.74142
24	4.74083
25	4.74227
26	4.7433
27	4.7408
28	4.74066
29	4.74265
30	4.74193
31	4.74068
32	4.7413
33	4.74346
34	4.74472
35	4.74487
36	4.7464
37	4.74586
38	4.74278
39	4.74235
40	4.74153
41	4.74079
42	4.74328
43	4.74331
44	4.7409
45	4.7414
46	4.74521
47	4.74807
48	4.74724
49	4.74547
50	4.74439
51	4.74341
52	4.7416
53	4.74233
54	4.74593
55	4.74642
56	4.74821
57	4.74674
58	4.74225
59	4.74243
60	4.7426
61	4.74252
62	4.7415
63	4.7414
64	4.74486
65	4.74706
66	4.74868
67	4.75029
68	4.74901
69	4.74829
70	4.74677
71	4.74623
72	4.74835
73	4.74836
74	4.74733
75	4.74647
76	4.74588
77	4.74583
78	4.7468
79	4.74675
80	4.74588
81	4.74741
82	4.74788
83	4.74643
84	4.74774
85	4.74809
86	4.74661
87	4.74881
88	4.74988
89	4.74897
90	4.74778
91	4.74585
92	4.74477
93	4.74729
94	4.74718
95	4.74714
96	4.74956
97	4.74862
98	4.74909
99	4.75011
100	4.74921
101	4.74798
102	4.74696
103	4.74755
104	4.74963
105	4.75187
106	4.75382
107	4.75419
108	4.75355
109	4.75263
110	4.75344
111	4.75351
112	4.75131
113	4.75231
114	4.75432
115	4.75299
116	4.75343
117	4.7548
118	4.75428
119	4.75182
120	4.75107
121	4.75139
122	4.75301
123	4.75358
124	4.75287
125	4.75247
126	4.75234
127	4.75222
128	4.7531
129	4.75407
130	4.75199
131	4.75355
132	4.75568
133	4.75608
134	4.75489
135	4.75292
136	4.75062
137	4.75069
138	4.75356
139	4.75642
140	4.7587
141	4.75792
142	4.75658
143	4.75592
144	4.75457
145	4.75318
146	4.75323
147	4.75499
148	4.75628
149	4.75547
150	4.75299
151	4.75279
152	4.7551
153	4.75509
154	4.75351
155	4.7544
156	4.75562
157	4.7557
158	4.75837
159	4.76053
160	4.75839
161	4.75596
162	4.75513
163	4.75432
164	4.75592
165	4.75947
166	4.75906
167	4.75743
168	4.75809
169	4.75884
170	4.75858
171	4.7573
172	4.75641
173	4.75797
174	4.76018
175	4.75959
176	4.75777
177	4.75843
178	4.75908
179	4.75735
180	4.75837
181	4.76129
182	4.75934
183	4.75177
184	4.74001
185	4.73284
186	4.73188
187	4.73241
188	4.73662
189	4.7411
190	4.74467
191	4.74935
192	4.7519
193	4.75427
194	4.75658
195	4.7566
196	4.75805
197	4.75842
198	4.75918
199	4.76144
200	4.76038
201	4.75915
202	4.75932
203	4.75873
204	4.75882
205	4.75921
206	4.75925
207	4.76096
208	4.76282
209	4.7608
210	4.75983
211	4.76077
212	4.76042
213	4.76067
214	4.76203
215	4.76202
216	4.76156
217	4.75998
218	4.76062
219	4.76213
220	4.76198
221	4.76285
222	4.76298
223	4.76351
224	4.76656
225	4.76737
226	4.76426
227	4.76322
228	4.7612
229	4.76093
230	4.76272
231	4.76232
232	4.7646
233	4.76426
234	4.76349
235	4.76482
236	4.76555
237	4.76626
238	4.76561
239	4.76378
240	4.7637
241	4.76645
242	4.76042
243	4.74275
244	4.71934
245	4.70187
246	4.69613
247	4.69868
248	4.70667
249	4.71639
250	4.72515
251	4.73399
252	4.74136
253	4.74723
254	4.75006
255	4.7528
256	4.75662
257	4.75758
258	4.76119
259	4.7631
260	4.7636
261	4.76407
262	4.76365
263	4.76518
264	4.76418
265	4.76438
266	4.76591
267	4.76393
268	4.76327
269	4.76506
270	4.76766
271	4.76955
272	4.76913
273	4.76806
274	4.76842
275	4.76856
276	4.76722
277	4.76683
278	4.76804
279	4.76975
280	4.76794
281	4.76662
282	4.76861
283	4.76858
284	4.76851
285	4.76892
286	4.77021
287	4.76988
288	4.76785
289	4.77051
290	4.77212
291	4.77043
292	4.77063
293	4.76932
294	4.76903
295	4.76945
296	4.76964
297	4.76796
298	4.76605
299	4.76956
300	4.77281
301	4.77187
302	4.77053
303	4.77134
304	4.772
305	4.77183
306	4.77267
307	4.77358
308	4.77295
309	4.77137
310	4.77156
311	4.77256
312	4.77183
313	4.77318
314	4.77256
315	4.77227
316	4.77398
317	4.77491
318	4.77608
319	4.77427
320	4.77353
321	4.77445
322	4.77272
323	4.77112
324	4.7732
325	4.77458
326	4.7741
327	4.7725
328	4.77143
329	4.77412
330	4.77457
331	4.77387
332	4.7674
333	4.74787
334	4.71412
335	4.67685
336	4.65217
337	4.64244
338	4.64769
339	4.66274
340	4.68015
341	4.69466
342	4.70821
343	4.71972
344	4.72851
345	4.73749
346	4.74289
347	4.74636
348	4.75245
349	4.75886
350	4.76122
351	4.76255
352	4.76532
353	4.76779
354	4.76873
355	4.76901
356	4.7685
357	4.7717
358	4.77592
359	4.77476
360	4.77259
361	4.77227
362	4.77348
363	4.77492
364	4.77355
365	4.77323
366	4.7745
367	4.77541
368	4.77703
369	4.77688
370	4.77429
371	4.7758
372	4.7794
373	4.77733
374	4.7775
375	4.77908
376	4.77852
377	4.7781
378	4.77725
379	4.77739
380	4.77606
381	4.77656
382	4.78009
383	4.78182
384	4.78178
385	4.78048
386	4.78166
387	4.78183
388	4.78071
389	4.78036
390	4.77907
391	4.77836
392	4.77782
393	4.77956
394	4.781
395	4.7816
396	4.78193
397	4.78089
398	4.78051
399	4.78071
400	4.78278
401	4.78162
402	4.77897
403	4.78021
404	4.78186
405	4.78253
406	4.78161
407	4.78131
408	4.78075
409	4.77982
410	4.78167
411	4.78422
412	4.78382
413	4.78067
414	4.77838
415	4.77957
416	4.78179
417	4.78246
418	4.78451
419	4.78403
420	4.78128
421	4.78228
422	4.77444
423	4.74658
424	4.70109
425	4.64501
426	4.59821
427	4.57616
428	4.57865
429	4.59304
430	4.60939
431	4.62432
432	4.63666
433	4.65206
434	4.6706
435	4.68618
436	4.69951
437	4.71091
438	4.7218
439	4.73188
440	4.73633
441	4.74342
442	4.7541
443	4.75772
444	4.75936
445	4.76298
446	4.7655
447	4.76968
448	4.77156
449	4.77056
450	4.77144
451	4.77427
452	4.77558
453	4.77585
454	4.77654
455	4.77652
456	4.77827
457	4.78011
458	4.78043
459	4.78268
460	4.78446
461	4.78402
462	4.78276
463	4.78322
464	4.78407
465	4.78418
466	4.78434
467	4.78461
468	4.78702
469	4.78585
470	4.78576
471	4.78608
472	4.78566
473	4.7862
474	4.78427
475	4.78312
476	4.78157
477	4.78312
478	4.78673
479	4.78788
480	4.78735
481	4.7884
482	4.78908
483	4.7874
484	4.78812
485	4.78828
486	4.78732
487	4.7874
488	4.78829
489	4.79059
490	4.79081
491	4.79042
492	4.78975
493	4.78874
494	4.78864
495	4.78911
496	4.79016
497	4.7897
498	4.78854
499	4.78838
500	4.78946
501	4.78915
502	4.79019
503	4.79093
504	4.79002
505	4.79058
506	4.7925
507	4.79257
508	4.79043
509	4.78889
510	4.78861
511	4.78908
512	4.78546
513	4.76547
514	4.72067
515	4.65603
516	4.58505
517	4.52653
518	4.49557
519	4.49402
520	4.50219
521	4.51266
522	4.52419
523	4.53245
524	4.54649
525	4.56405
526	4.58053
527	4.6002
528	4.62381
529	4.64444
530	4.65939
531	4.6764
532	4.69343
533	4.70719
534	4.71818
535	4.72541
536	4.73169
537	4.73841
538	4.74329
539	4.74886
540	4.75559
541	4.75875
542	4.76125
543	4.76528
544	4.7673
545	4.76972
546	4.77501
547	4.77785
548	4.77911
549	4.78124
550	4.78183
551	4.78134
552	4.78079
553	4.78214
554	4.78416
555	4.7872
556	4.78945
557	4.7885
558	4.78728
559	4.78841
560	4.79061
561	4.79033
562	4.79119
563	4.79265
564	4.79143
565	4.79094
566	4.79167
567	4.7935
568	4.79367
569	4.79215
570	4.79411
571	4.79496
572	4.79274
573	4.79124
574	4.79063
575	4.79223
576	4.79589
577	4.79603
578	4.79426
579	4.79418
580	4.79578
581	4.79572
582	4.79462
583	4.796
584	4.7948
585	4.79181
586	4.79391
587	4.79542
588	4.79593
589	4.79699
590	4.79535
591	4.79453
592	4.79399
593	4.79607
594	4.79881
595	4.79881
596	4.79683
597	4.79521
598	4.7972
599	4.79684
600	4.79617
601	4.79819
602	4.79339
603	4.77773
604	4.74614
605	4.6954
606	4.63793
607	4.58352
608	4.53608
609	4.50257
610	4.48275
611	4.47242
612	4.47142
613	4.47802
614	4.4862
615	4.49621
616	4.50628
617	4.52109
618	4.54278
619	4.56477
620	4.58583
621	4.60349
622	4.62176
623	4.6423
624	4.66052
625	4.67329
626	4.68348
627	4.69394
628	4.70439
629	4.71334
630	4.72255
631	4.73097
632	4.737
633	4.74159
634	4.74678
635	4.7525
636	4.75526
637	4.75776
638	4.76351
639	4.77051
640	4.77266
641	4.7716
642	4.77504
643	4.77739
644	4.77716
645	4.77891
646	4.78184
647	4.7849
648	4.78693
649	4.7887
650	4.7879
651	4.7875
652	4.78653
653	4.79008
654	4.79213
655	4.78901
656	4.7917
657	4.79441
658	4.79494
659	4.79572
660	4.79544
661	4.79362
662	4.79263
663	4.79447
664	4.7956
665	4.79685
666	4.79807
667	4.79901
668	4.8009
669	4.80076
670	4.79872
671	4.7983
672	4.79991
673	4.8
674	4.7992
675	4.797
676	4.79701
677	4.79928
678	4.79907
679	4.79803
680	4.798
681	4.79966
682	4.8019
683	4.80315
684	4.80339
685	4.80209
686	4.79935
687	4.79886
688	4.80091
689	4.8009
690	4.80128
691	4.80061
692	4.79652
693	4.78952
694	4.7799
695	4.76407
696	4.74336
697	4.72328
698	4.70672
699	4.69847
700	4.69185
701	4.68384
702	4.67933
703	4.67866
704	4.68011
705	4.68503
706	4.69279
707	4.69959
708	4.70641
709	4.71688
710	4.72692
711	4.73587
712	4.74387
713	4.74918
714	4.75367
715	4.7597
716	4.76679
717	4.77113
718	4.77404
719	4.77486
720	4.77537
721	4.77804
722	4.78448
723	4.78787
724	4.7861
725	4.78756
726	4.79016
727	4.79027
728	4.78829
729	4.79103
730	4.79477
731	4.79561
732	4.79659
733	4.79577
734	4.79576
735	4.79695
736	4.79831
737	4.79773
738	4.79737
739	4.79648
740	4.79731
741	4.80037
742	4.80043
743	4.79853
744	4.79786
745	4.7984
746	4.80049
747	4.80221
748	4.80257
749	4.80382
750	4.8024
751	4.80231
752	4.80355
753	4.80443
754	4.80582
755	4.80584
756	4.80561
757	4.80467
758	4.80371
759	4.80462
760	4.80537
761	4.80646
762	4.80654
763	4.80771
764	4.80941
765	4.80623
766	4.80362
767	4.80323
768	4.80329
769	4.80633
770	4.80906
771	4.80897
772	4.80601
773	4.80533
774	4.80892
775	4.80882
776	4.80567
777	4.80721
778	4.80955
779	4.80864
780	4.80942
781	4.8071
782	4.80107
783	4.80018
784	4.80078
785	4.7985
786	4.79839
787	4.796
788	4.79358
789	4.79633
790	4.79929
791	4.80107
792	4.80257
793	4.80419
794	4.80632
795	4.8091
796	4.80908
797	4.81094
798	4.81541
799	4.81682
800	4.81907
801	4.82291
802	4.82591
803	4.82762
804	4.82734
805	4.82737
806	4.83021
807	4.83209
808	4.83392
809	4.83607
810	4.8378
811	4.83692
812	4.83628
813	4.8363
814	4.83387
815	4.83125
816	4.82936
817	4.82776
818	4.82491
819	4.8217
820	4.81941
821	4.82073
822	4.82308
823	4.82131
824	4.8193
825	4.8198
826	4.81933
827	4.81972
828	4.81888
829	4.815
830	4.81304
831	4.81398
832	4.81454
833	4.81301
834	4.81358
835	4.81435
836	4.81387
837	4.81496
838	4.81458
839	4.8143
840	4.81533
841	4.81432
842	4.81293
843	4.81248
844	4.81013
845	4.80939
846	4.81327
847	4.81617
848	4.8171
849	4.81547
850	4.81321
851	4.81387
852	4.81405
853	4.81305
854	4.81085
855	4.81281
856	4.81605
857	4.81583
858	4.81261
859	4.8109
860	4.8123
861	4.81282
862	4.813
863	4.81349
864	4.81483
865	4.81276
866	4.81076
867	4.81326
868	4.81635
869	4.81704
870	4.81289
