time	cp
2	4.68135
3	4.68072
4	4.68188
5	4.6829
6	4.68462
7	4.68324
8	4.68184
9	4.68287
10	4.68268
11	4.68201
12	4.68161
13	4.6845
14	4.68634
15	4.68484
16	4.6846
17	4.68576
18	4.68823
19	4.68777
20	4.68647
21	4.68692
22	4.68594
23	4.68625
24	4.68602
25	4.68477
26	4.68472
27	4.68567
28	4.68734
29	4.68899
30	4.68742
31	4.68388
32	4.68598
33	4.68905
34	4.68733
35	4.68909
36	4.69078
37	4.68729
38	4.68506
39	4.68766
40	4.68928
41	4.68987
42	4.69252
43	4.69225
44	4.68923
45	4.68896
46	4.69077
47	4.69058
48	4.68974
49	4.69116
50	4.69331
51	4.69136
52	4.68838
53	4.68755
54	4.69099
55	4.69423
56	4.69389
57	4.69294
58	4.69204
59	4.69189
60	4.69071
61	4.69254
62	4.69631
63	4.69626
64	4.69322
65	4.69276
66	4.69293
67	4.69247
68	4.69372
69	4.69425
70	4.69577
71	4.69648
72	4.69489
73	4.69395
74	4.69393
75	4.69499
76	4.69611
77	4.69516
78	4.6943
79	4.69631
80	4.69859
81	4.69771
82	4.6943
83	4.69398
84	4.69561
85	4.69596
86	4.69691
87	4.69711
88	4.69613
89	4.69662
90	4.69693
91	4.69635
92	4.69784
93	4.69803
94	4.69728
95	4.69799
96	4.6975
97	4.69708
98	4.6985
99	4.69924
100	4.69943
101	4.69951
102	4.69832
103	4.69789
104	4.69651
105	4.69533
106	4.69945
107	4.7036
108	4.70164
109	4.70086
110	4.70068
111	4.69971
112	4.6996
113	4.69874
114	4.70084
115	4.70092
116	4.69826
117	4.69896
118	4.7003
119	4.69955
120	4.70177
121	4.70276
122	4.7003
123	4.70021
124	4.70008
125	4.70237
126	4.70396
127	4.70173
128	4.70138
129	4.70228
130	4.70418
131	4.7047
132	4.70448
133	4.70328
134	4.70503
135	4.70797
136	4.70523
137	4.70384
138	4.70522
139	4.7054
140	4.70392
141	4.70434
142	4.70338
143	4.70133
144	4.70496
145	4.7079
146	4.70636
147	4.70669
148	4.70722
149	4.70698
150	4.70491
151	4.70432
152	4.70491
153	4.7038
154	4.70637
155	4.70804
156	4.70696
157	4.70467
158	4.70446
159	4.7077
160	4.70993
161	4.71018
162	4.70761
163	4.70528
164	4.70638
165	4.70825
166	4.71139
167	4.71176
168	4.71123
169	4.71493
170	4.71572
171	4.71181
172	4.7082
173	4.70681
174	4.70636
175	4.7092
176	4.70941
177	4.70807
178	4.71137
179	4.71354
180	4.71226
181	4.71027
182	4.70638
183	4.70067
184	4.69276
185	4.68647
186	4.68592
187	4.68627
188	4.68972
189	4.69228
190	4.69377
191	4.69795
192	4.70125
193	4.7059
194	4.70597
195	4.70538
196	4.70793
197	4.71026
198	4.71172
199	4.71085
200	4.71201
201	4.71122
202	4.70947
203	4.71146
204	4.71231
205	4.71106
206	4.71137
207	4.71207
208	4.7143
209	4.71508
210	4.71328
211	4.71297
212	4.71274
213	4.71462
214	4.71778
215	4.71664
216	4.71565
217	4.71733
218	4.71725
219	4.71727
220	4.71809
221	4.71806
222	4.7196
223	4.71875
224	4.71761
225	4.71768
226	4.7164
227	4.71621
228	4.71607
229	4.71648
230	4.71659
231	4.71722
232	4.7178
233	4.71903
234	4.71927
235	4.71775
236	4.71833
237	4.71921
238	4.71999
239	4.71875
240	4.71808
241	4.71813
242	4.71044
243	4.69535
244	4.67398
245	4.65579
246	4.64901
247	4.6521
248	4.66188
249	4.66953
250	4.6775
251	4.68745
252	4.69746
253	4.70311
254	4.70668
255	4.70892
256	4.70949
257	4.71112
258	4.71256
259	4.71649
260	4.71942
261	4.71864
262	4.71699
263	4.71701
264	4.71761
265	4.71728
266	4.71806
267	4.72126
268	4.72321
269	4.72118
270	4.71908
271	4.71979
272	4.71932
273	4.72039
274	4.72294
275	4.7218
276	4.72013
277	4.72055
278	4.72362
279	4.72628
280	4.72539
281	4.72399
282	4.72383
283	4.72409
284	4.72416
285	4.72562
286	4.72735
287	4.72691
288	4.7275
289	4.72615
290	4.72497
291	4.72676
292	4.72613
293	4.72504
294	4.72487
295	4.72303
296	4.7221
297	4.72305
298	4.72361
299	4.72455
300	4.72576
301	4.72711
302	4.72836
303	4.72796
304	4.72786
305	4.72775
306	4.72824
307	4.72911
308	4.72717
309	4.72658
310	4.72807
311	4.72648
312	4.72497
313	4.72617
314	4.72875
315	4.73066
316	4.73172
317	4.73246
318	4.73222
319	4.73257
320	4.73223
321	4.73002
322	4.73001
323	4.73098
324	4.73065
325	4.73154
326	4.73104
327	4.72886
328	4.72863
329	4.7307
330	4.73157
331	4.73096
332	4.72531
333	4.70672
334	4.67109
335	4.63184
336	4.60502
337	4.59715
338	4.60481
339	4.61797
340	4.63519
341	4.65257
342	4.66672
343	4.67772
344	4.68623
345	4.69513
346	4.70473
347	4.71056
348	4.71282
349	4.71537
350	4.71737
351	4.71884
352	4.72241
353	4.72604
354	4.72467
355	4.72679
356	4.7311
357	4.73153
358	4.72989
359	4.72765
360	4.72912
361	4.72994
362	4.7298
363	4.73166
364	4.7316
365	4.73158
366	4.73389
367	4.73538
368	4.73565
369	4.73369
370	4.73201
371	4.73512
372	4.73741
373	4.73511
374	4.73447
375	4.73502
376	4.73542
377	4.73655
378	4.7379
379	4.7369
380	4.73449
381	4.73477
382	4.73664
383	4.73824
384	4.73933
385	4.74015
386	4.73685
387	4.73413
388	4.73513
389	4.73399
390	4.73516
391	4.73765
392	4.73932
393	4.74053
394	4.73797
395	4.7373
396	4.73863
397	4.73928
398	4.74019
399	4.7403
400	4.73978
401	4.74017
402	4.74007
403	4.74037
404	4.74031
405	4.73927
406	4.73943
407	4.74011
408	4.73955
409	4.73902
410	4.7395
411	4.73938
412	4.73947
413	4.73973
414	4.74008
415	4.73864
416	4.73997
417	4.7435
418	4.74421
419	4.74391
420	4.74153
421	4.74208
422	4.73783
423	4.71474
424	4.67252
425	4.61846
426	4.56921
427	4.54332
428	4.54208
429	4.55226
430	4.56411
431	4.5766
432	4.5926
433	4.61067
434	4.62727
435	4.63987
436	4.65403
437	4.6695
438	4.68153
439	4.69287
440	4.70003
441	4.70359
442	4.71002
443	4.71651
444	4.72015
445	4.72372
446	4.72631
447	4.72669
448	4.72763
449	4.73055
450	4.73434
451	4.73587
452	4.73537
453	4.73607
454	4.73647
455	4.73633
456	4.73807
457	4.73819
458	4.73921
459	4.74289
460	4.74145
461	4.74015
462	4.74179
463	4.74118
464	4.74254
465	4.74492
466	4.74592
467	4.74713
468	4.74735
469	4.74643
470	4.74764
471	4.74896
472	4.74676
473	4.74668
474	4.74848
475	4.74829
476	4.74747
477	4.74687
478	4.74624
479	4.7442
480	4.74357
481	4.74684
482	4.74844
483	4.74761
484	4.74754
485	4.74814
486	4.74796
487	4.74644
488	4.74729
489	4.74917
490	4.74877
491	4.74754
492	4.74897
493	4.74826
494	4.7473
495	4.7492
496	4.75128
497	4.74997
498	4.74939
499	4.75374
500	4.75526
501	4.75157
502	4.74861
503	4.74935
504	4.75106
505	4.75189
506	4.75259
507	4.75328
508	4.75225
509	4.75206
510	4.7514
511	4.75159
512	4.74399
513	4.71999
514	4.67504
515	4.60799
516	4.53706
517	4.47912
518	4.4491
519	4.44915
520	4.4595
521	4.46926
522	4.48247
523	4.49577
524	4.51175
525	4.53389
526	4.55652
527	4.5761
528	4.5953
529	4.6146
530	4.63161
531	4.64734
532	4.65971
533	4.67142
534	4.68178
535	4.68988
536	4.69709
537	4.70142
538	4.70606
539	4.71334
540	4.72057
541	4.72603
542	4.73076
543	4.73228
544	4.73525
545	4.73856
546	4.73852
547	4.73911
548	4.73925
549	4.74112
550	4.74244
551	4.74501
552	4.7466
553	4.74732
554	4.75021
555	4.7514
556	4.75253
557	4.75128
558	4.75351
559	4.75729
560	4.75613
561	4.75487
562	4.75371
563	4.75337
564	4.75322
565	4.7531
566	4.75414
567	4.753
568	4.75357
569	4.75792
570	4.75878
571	4.75698
572	4.75733
573	4.75686
574	4.75524
575	4.75492
576	4.75373
577	4.75429
578	4.75655
579	4.75787
580	4.75909
581	4.75968
582	4.75897
583	4.75756
584	4.75663
585	4.7566
586	4.75803
587	4.76067
588	4.76086
589	4.75939
590	4.75933
591	4.7601
592	4.76108
593	4.76174
594	4.75956
595	4.75773
596	4.75934
597	4.75907
598	4.75908
599	4.76111
600	4.76193
601	4.76291
602	4.75993
603	4.74415
604	4.71276
605	4.66553
606	4.60935
607	4.55496
608	4.50727
609	4.47422
610	4.45483
611	4.44153
612	4.43782
613	4.44284
614	4.44988
615	4.45936
616	4.47243
617	4.48872
618	4.50726
619	4.52957
620	4.55171
621	4.56997
622	4.58815
623	4.60589
624	4.62299
625	4.63906
626	4.65044
627	4.66063
628	4.671
629	4.67771
630	4.68708
631	4.69593
632	4.70167
633	4.70751
634	4.71341
635	4.71889
636	4.72289
637	4.72608
638	4.72681
639	4.72753
640	4.73184
641	4.73482
642	4.73957
643	4.74415
644	4.74433
645	4.74858
646	4.75147
647	4.75082
648	4.75152
649	4.75208
650	4.75198
651	4.75484
652	4.75594
653	4.7558
654	4.75728
655	4.7576
656	4.76067
657	4.76116
658	4.76067
659	4.76104
660	4.75916
661	4.75808
662	4.75805
663	4.75971
664	4.76086
665	4.76303
666	4.76437
667	4.7635
668	4.76315
669	4.76062
670	4.7606
671	4.76456
672	4.76514
673	4.76404
674	4.76539
675	4.76404
676	4.76316
677	4.76603
678	4.76785
679	4.76767
680	4.76633
681	4.76428
682	4.76497
683	4.76729
684	4.76693
685	4.76693
686	4.76633
687	4.76571
688	4.76854
689	4.76823
690	4.76781
691	4.76985
692	4.76709
693	4.76103
694	4.75126
695	4.73868
696	4.72118
697	4.70217
698	4.68856
699	4.67486
700	4.66313
701	4.65548
702	4.64885
703	4.64532
704	4.64679
705	4.65213
706	4.6595
707	4.66874
708	4.67911
709	4.68763
710	4.69607
711	4.70489
712	4.712
713	4.71756
714	4.72391
715	4.7316
716	4.73581
717	4.73792
718	4.74223
719	4.7436
720	4.74401
721	4.74789
722	4.75149
723	4.7538
724	4.75426
725	4.75311
726	4.75236
727	4.75528
728	4.75665
729	4.75706
730	4.75877
731	4.761
732	4.76261
733	4.76296
734	4.76156
735	4.76189
736	4.76447
737	4.76426
738	4.76267
739	4.76408
740	4.76684
741	4.7677
742	4.76996
743	4.77127
744	4.77095
745	4.7696
746	4.7681
747	4.76601
748	4.7666
749	4.76992
750	4.7711
751	4.77011
752	4.77032
753	4.77276
754	4.77253
755	4.7702
756	4.77131
757	4.7722
758	4.7714
759	4.77287
760	4.77466
761	4.77357
762	4.77288
763	4.77321
764	4.77194
765	4.77241
766	4.77242
767	4.77193
768	4.77219
769	4.77469
770	4.77703
771	4.77511
772	4.77412
773	4.77582
774	4.77691
775	4.77943
776	4.7783
777	4.77322
778	4.77307
779	4.77442
780	4.77372
781	4.77345
782	4.77358
783	4.7714
784	4.76801
785	4.76841
786	4.77113
787	4.76934
788	4.76733
789	4.76837
790	4.7709
791	4.77474
792	4.77665
793	4.77685
794	4.77923
795	4.78114
796	4.78104
797	4.78228
798	4.7867
799	4.79182
800	4.79381
801	4.79766
802	4.80018
803	4.79893
804	4.79941
805	4.80251
806	4.80545
807	4.80678
808	4.81025
809	4.81247
810	4.81295
811	4.81202
812	4.80718
813	4.80422
814	4.80362
815	4.8013
816	4.79978
817	4.7984
818	4.79636
819	4.79453
820	4.79227
821	4.79043
822	4.78962
823	4.78902
824	4.78887
825	4.78937
826	4.78864
827	4.78615
828	4.78596
829	4.78554
830	4.78468
831	4.78586
832	4.78531
833	4.78328
834	4.78192
835	4.78372
836	4.78523
837	4.78388
838	4.78374
839	4.78453
840	4.7824
841	4.78305
842	4.78419
843	4.78321
844	4.78364
845	4.7819
846	4.78002
847	4.78281
848	4.78453
849	4.78362
850	4.78348
851	4.78334
852	4.78211
853	4.78181
854	4.784
855	4.78523
856	4.78482
857	4.78515
858	4.7841
859	4.7825
860	4.78327
861	4.78384
862	4.786
863	4.78661
864	4.78538
865	4.78551
866	4.78671
867	4.78507
868	4.78361
869	4.78417
870	4.7837
