DH	INJV	Xt	Mt	XMt	NDH	Fit	DY
-0.22762	0.1	0	0.01001	0.01631	--	-9909.43614	--
-0.59772	0.2	1.63175E-4	0.01001	0.04895	-9301.93009	-9879.5275	577.59741
-1.291	0.4	4.89283E-4	0.01	0.11433	-9909.50674	-9813.31005	-96.19669
-2.54416	0.8	0.00114	0.00998	0.24548	-10005.37195	-9649.37866	-355.99328
-4.74394	1.6	0.00244	0.00994	0.50932	-9363.48223	-9126.39461	-237.08763
-6.34327	3.2	0.00502	0.00986	1.04318	-6387.41548	-6546.2995	158.88403
-2.41579	6.4	0.01012	0.0097	2.1356	-1523.65729	-1389.2926	-134.36469
0.35512	12.8	0.02008	0.0094	4.41923	-263.85549	-142.68197	-121.17352
	--	0.039	0.00883	--			
