time	cp
2	4.71969
3	4.7231
4	4.72412
5	4.72455
6	4.72416
7	4.72351
8	4.72419
9	4.72469
10	4.72566
11	4.7246
12	4.72121
13	4.72169
14	4.72376
15	4.72445
16	4.72658
17	4.72578
18	4.72487
19	4.72689
20	4.72754
21	4.7252
22	4.72488
23	4.72713
24	4.73023
25	4.73027
26	4.72923
27	4.7274
28	4.72462
29	4.72412
30	4.72618
31	4.72858
32	4.72933
33	4.72833
34	4.72965
35	4.73032
36	4.73046
37	4.73098
38	4.72881
39	4.7288
40	4.72888
41	4.72939
42	4.72934
43	4.72862
44	4.72808
45	4.72881
46	4.72965
47	4.7308
48	4.73313
49	4.73216
50	4.73073
51	4.73143
52	4.73169
53	4.73068
54	4.72885
55	4.72943
56	4.73054
57	4.73172
58	4.73196
59	4.73099
60	4.73113
61	4.7317
62	4.7339
63	4.73303
64	4.73152
65	4.73304
66	4.73349
67	4.73371
68	4.73156
69	4.73044
70	4.73185
71	4.73156
72	4.73314
73	4.7342
74	4.73262
75	4.73351
76	4.73522
77	4.7342
78	4.73278
79	4.73373
80	4.73512
81	4.73703
82	4.73826
83	4.73472
84	4.73207
85	4.73315
86	4.73552
87	4.73632
88	4.73703
89	4.73592
90	4.7355
91	4.73743
92	4.73683
93	4.73703
94	4.73697
95	4.73739
96	4.73802
97	4.73848
98	4.73854
99	4.73603
100	4.73607
101	4.73637
102	4.7354
103	4.73598
104	4.7365
105	4.73842
106	4.73979
107	4.73653
108	4.73611
109	4.73856
110	4.7402
111	4.7415
112	4.74153
113	4.73947
114	4.73983
115	4.74022
116	4.7379
117	4.73821
118	4.74094
119	4.74232
120	4.74327
121	4.74494
122	4.74341
123	4.74224
124	4.74196
125	4.74121
126	4.74164
127	4.74274
128	4.74338
129	4.74386
130	4.743
131	4.74154
132	4.74106
133	4.7425
134	4.74442
135	4.74475
136	4.74544
137	4.74293
138	4.73984
139	4.74241
140	4.74549
141	4.74586
142	4.74427
143	4.74378
144	4.74405
145	4.74408
146	4.74245
147	4.7402
148	4.74274
149	4.74335
150	4.74262
151	4.74402
152	4.74414
153	4.74486
154	4.74566
155	4.7468
156	4.74831
157	4.74854
158	4.74886
159	4.74764
160	4.74397
161	4.74157
162	4.7451
163	4.74756
164	4.74803
165	4.74842
166	4.74679
167	4.74576
168	4.74669
169	4.75008
170	4.75108
171	4.74842
172	4.74594
173	4.747
174	4.74646
175	4.74629
176	4.74897
177	4.74918
178	4.74764
179	4.74787
180	4.75028
181	4.7501
182	4.74656
183	4.74823
184	4.75152
185	4.75077
186	4.7511
187	4.75207
188	4.75073
189	4.74899
190	4.74725
191	4.74722
192	4.7502
193	4.751
194	4.75018
195	4.74904
196	4.7472
197	4.75028
198	4.75217
199	4.75144
200	4.7517
201	4.74992
202	4.75055
203	4.75084
204	4.75189
205	4.75555
206	4.75679
207	4.75393
208	4.75098
209	4.75087
210	4.75255
211	4.75249
212	4.75231
213	4.75186
214	4.75306
215	4.75551
216	4.7519
217	4.75221
218	4.75291
219	4.75002
220	4.75285
221	4.75611
222	4.75523
223	4.75346
224	4.75345
225	4.75253
226	4.75303
227	4.75633
228	4.75672
229	4.75546
230	4.75612
231	4.75433
232	4.7541
233	4.75647
234	4.75741
235	4.75842
236	4.7578
237	4.75756
238	4.75662
239	4.75614
240	4.75769
241	4.75605
242	4.75351
243	4.75676
244	4.76011
245	4.75923
246	4.75931
247	4.75947
248	4.7595
249	4.75791
250	4.75709
251	4.75854
252	4.75861
253	4.75913
254	4.75773
255	4.75642
256	4.75868
257	4.76147
258	4.76187
259	4.75971
260	4.75752
261	4.75921
262	4.76267
263	4.76212
264	4.76009
265	4.75964
266	4.75889
267	4.75891
268	4.76002
269	4.76087
270	4.76023
271	4.75966
272	4.75892
273	4.76005
274	4.76026
275	4.75903
276	4.76103
277	4.76089
278	4.75958
279	4.76117
280	4.76238
281	4.76263
282	4.76272
283	4.76127
284	4.76095
285	4.76311
286	4.76478
287	4.76269
288	4.75899
289	4.76014
290	4.76417
291	4.7662
292	4.76396
293	4.76191
294	4.76226
295	4.76115
296	4.7615
297	4.76285
298	4.7621
299	4.76212
300	4.76283
301	4.76286
302	4.76361
303	4.76503
304	4.76601
305	4.76574
306	4.76462
307	4.76619
308	4.76631
309	4.76247
310	4.76207
311	4.76438
312	4.76503
313	4.76624
314	4.76637
315	4.76568
316	4.76696
317	4.76674
318	4.76728
319	4.76707
320	4.76577
321	4.76662
322	4.7679
323	4.7669
324	4.76721
325	4.7675
326	4.76364
327	4.76303
328	4.7667
329	4.76751
330	4.7679
331	4.77016
332	4.76909
333	4.76879
334	4.77138
335	4.77389
336	4.77388
337	4.77148
338	4.76934
339	4.77013
340	4.77105
341	4.76886
342	4.76849
343	4.7694
344	4.76896
345	4.76941
346	4.77024
347	4.77037
348	4.77015
349	4.77126
350	4.77175
351	4.77092
352	4.7712
353	4.7709
354	4.77032
355	4.76852
356	4.76923
357	4.77254
358	4.7711
359	4.76815
360	4.76631
361	4.76599
362	4.76834
363	4.76901
364	4.76943
365	4.77197
366	4.77238
367	4.77055
368	4.7689
369	4.76991
370	4.77131
371	4.77029
372	4.77
373	4.77298
374	4.77464
375	4.7734
376	4.77181
377	4.77168
378	4.77243
379	4.77215
380	4.77204
381	4.77236
382	4.77444
383	4.77425
384	4.77161
385	4.77209
386	4.77399
387	4.77552
388	4.77667
389	4.77507
390	4.77339
391	4.77364
392	4.7747
393	4.77419
394	4.77542
395	4.77746
396	4.77732
397	4.77525
398	4.77355
399	4.77561
400	4.77507
401	4.77321
402	4.77471
403	4.77412
404	4.77437
405	4.77613
406	4.77565
407	4.77736
408	4.77736
409	4.77438
410	4.7746
411	4.77692
412	4.77793
413	4.77661
414	4.77428
415	4.77241
416	4.77269
417	4.77352
418	4.77423
419	4.77577
420	4.77726
421	4.77802
422	4.77579
423	4.77587
424	4.78435
425	4.79004
426	4.78917
427	4.7869
428	4.78333
429	4.78133
430	4.78118
431	4.78129
432	4.78204
433	4.78183
434	4.78193
435	4.782
436	4.78254
437	4.78432
438	4.78301
439	4.78155
440	4.78156
441	4.78077
442	4.77843
443	4.77675
444	4.77871
445	4.78086
446	4.78054
447	4.78231
448	4.78259
449	4.7814
450	4.78226
451	4.78233
452	4.78193
453	4.78147
454	4.78047
455	4.77892
456	4.77884
457	4.78081
458	4.78242
459	4.78161
460	4.78168
461	4.78242
462	4.78134
463	4.78113
464	4.78135
465	4.78076
466	4.78134
467	4.78182
468	4.78187
469	4.7824
470	4.7837
471	4.78476
472	4.78539
473	4.7857
474	4.78277
475	4.78128
476	4.78048
477	4.78007
478	4.78172
479	4.78303
480	4.78482
481	4.78506
482	4.78362
483	4.78353
484	4.78386
485	4.78122
486	4.78062
487	4.7848
488	4.78601
489	4.78419
490	4.78252
491	4.781
492	4.78177
493	4.78491
494	4.78683
495	4.78761
496	4.78444
497	4.78303
498	4.78596
499	4.78422
500	4.78202
501	4.78335
502	4.7847
503	4.78433
504	4.78456
505	4.78517
506	4.78593
507	4.78781
508	4.78796
509	4.78769
510	4.7876
511	4.78664
512	4.78616
513	4.78692
514	4.79046
515	4.7959
516	4.80204
517	4.80519
518	4.80251
519	4.79991
520	4.7993
521	4.79714
522	4.79715
523	4.79597
524	4.79236
525	4.79177
526	4.79269
527	4.79403
528	4.79365
529	4.79322
530	4.79358
531	4.79311
532	4.79183
533	4.79115
534	4.79159
535	4.79285
536	4.79106
537	4.78802
538	4.79
539	4.79193
540	4.79294
541	4.7928
542	4.79019
543	4.78742
544	4.78729
545	4.79005
546	4.79141
547	4.79084
548	4.79177
549	4.79175
550	4.78861
551	4.78757
552	4.78633
553	4.78679
554	4.79055
555	4.79274
556	4.79315
557	4.79287
558	4.79355
559	4.79223
560	4.79095
561	4.79207
562	4.7931
563	4.79446
564	4.79407
565	4.79375
566	4.79283
567	4.79112
568	4.79199
569	4.79083
570	4.79111
571	4.79248
572	4.79402
573	4.79509
574	4.79198
575	4.79188
576	4.79401
577	4.79303
578	4.79223
579	4.79268
580	4.79333
581	4.79341
582	4.79274
583	4.79181
584	4.79281
585	4.79507
586	4.79427
587	4.79401
588	4.79606
589	4.79551
590	4.79099
591	4.78905
592	4.79293
593	4.79433
594	4.79346
595	4.79568
596	4.79491
597	4.79207
598	4.79246
599	4.79513
600	4.79687
601	4.79771
602	4.79534
603	4.79239
604	4.79439
605	4.7997
606	4.80368
607	4.80771
608	4.81214
609	4.8183
610	4.82159
611	4.82077
612	4.82115
613	4.81751
614	4.81408
615	4.8124
616	4.81188
617	4.81125
618	4.80903
619	4.80805
620	4.80609
621	4.80413
622	4.80358
623	4.80085
624	4.79974
625	4.80106
626	4.80186
627	4.80211
628	4.80269
629	4.80204
630	4.80118
631	4.80048
632	4.79857
633	4.80184
634	4.803
635	4.80077
636	4.80016
637	4.79806
638	4.79823
639	4.7987
640	4.79812
641	4.79929
642	4.80081
643	4.79999
644	4.79936
645	4.80001
646	4.8012
647	4.80032
648	4.79769
649	4.7988
650	4.79998
651	4.7998
652	4.79933
653	4.79836
654	4.79868
655	4.79923
656	4.79731
657	4.79744
658	4.79963
659	4.80053
660	4.80319
661	4.80297
662	4.80206
663	4.80242
664	4.80118
665	4.79893
666	4.79811
667	4.79967
668	4.80112
669	4.8016
670	4.80108
671	4.7999
672	4.80093
673	4.8022
674	4.80049
675	4.80123
676	4.80331
677	4.8033
678	4.8032
679	4.80271
680	4.80168
681	4.80026
682	4.80385
683	4.80575
684	4.80237
685	4.80158
686	4.80021
687	4.80016
688	4.80119
689	4.80226
690	4.80221
691	4.8022
692	4.80251
693	4.799
694	4.79887
695	4.80448
696	4.81004
697	4.81496
698	4.82033
699	4.82342
700	4.82498
701	4.82935
702	4.83527
703	4.83893
704	4.84098
705	4.84504
706	4.84655
707	4.84322
708	4.83949
709	4.83697
710	4.83311
711	4.82959
712	4.82899
713	4.8263
714	4.82355
715	4.82148
716	4.82
717	4.82063
718	4.81967
719	4.81722
720	4.81554
721	4.81567
722	4.8168
723	4.81603
724	4.81342
725	4.81264
726	4.81122
727	4.80861
728	4.81013
729	4.81235
730	4.80975
731	4.80897
732	4.80955
733	4.80664
734	4.80567
735	4.80722
736	4.80689
737	4.80735
738	4.80904
739	4.80852
740	4.80725
741	4.80595
742	4.80523
743	4.80387
744	4.80636
745	4.80949
746	4.81
747	4.80946
748	4.80587
749	4.80707
750	4.80974
751	4.80799
752	4.80775
753	4.80746
754	4.80593
755	4.80658
756	4.80825
757	4.80944
758	4.8103
759	4.81129
760	4.81099
761	4.81037
762	4.8086
763	4.80534
764	4.80557
765	4.80729
766	4.80764
767	4.80661
768	4.80656
769	4.80906
770	4.81127
771	4.81211
772	4.81058
773	4.8071
774	4.80755
775	4.81178
776	4.81233
777	4.81042
778	4.80855
779	4.80806
780	4.8109
781	4.81249
782	4.81054
783	4.80815
784	4.80879
785	4.81295
786	4.81561
787	4.81987
788	4.82511
789	4.83063
790	4.83409
791	4.83687
792	4.83836
793	4.83657
794	4.84045
795	4.84426
796	4.8472
797	4.84897
798	4.84963
799	4.85233
800	4.85279
801	4.85163
802	4.85373
803	4.85683
804	4.85933
805	4.86056
806	4.85903
807	4.85985
808	4.86301
809	4.86197
810	4.85892
811	4.85707
812	4.85449
813	4.84909
814	4.84515
815	4.84402
816	4.83873
817	4.83373
818	4.83452
819	4.83357
820	4.82929
821	4.82916
822	4.82897
823	4.82848
824	4.82782
825	4.82576
826	4.82478
827	4.82254
828	4.82041
829	4.81897
830	4.81766
831	4.81749
832	4.81998
833	4.8224
834	4.82036
835	4.81793
836	4.81692
837	4.81824
838	4.82018
839	4.81947
840	4.81601
841	4.81434
842	4.81654
843	4.81775
844	4.81626
845	4.81568
846	4.81601
847	4.816
848	4.81505
849	4.81387
850	4.81517
851	4.81527
852	4.8158
853	4.81767
854	4.81838
855	4.81777
856	4.81631
857	4.81719
858	4.81692
859	4.81426
860	4.81226
861	4.81172
862	4.81541
863	4.81653
864	4.81596
865	4.81599
866	4.8168
867	4.81856
868	4.81732
869	4.8154
870	4.81521
