time	
2	9.70703
4	9.70619
6	9.70526
8	9.70453
10	9.70471
12	9.70559
14	9.7056
16	9.70577
18	9.70567
20	9.70592
22	9.70556
24	9.70503
26	9.70501
28	9.70511
30	9.70515
32	9.70524
34	9.70498
36	9.70425
38	9.70354
40	9.70289
42	9.70205
44	9.70129
46	9.70153
48	9.70121
50	9.70093
52	9.70057
54	9.70109
56	9.70187
58	9.70205
60	9.70155
62	9.70169
64	9.70183
66	9.70152
68	9.7016
70	9.70042
72	9.69995
74	9.70035
76	9.70038
78	9.6993
80	9.69873
82	9.69834
84	9.69908
86	9.69939
88	9.69862
90	9.69782
92	9.69842
94	9.69866
96	9.69805
98	9.6976
100	9.69769
102	9.69765
104	9.69753
106	9.6974
108	9.69617
110	9.69553
112	9.69474
114	9.69486
116	9.69542
118	9.69556
120	9.69475
122	9.69462
124	9.69508
126	9.69521
128	9.69559
130	9.69473
132	9.69364
134	9.69381
136	9.69343
138	9.6937
140	9.69489
142	9.69427
144	9.69342
146	9.69309
148	9.69317
150	9.69334
152	9.69293
154	9.69325
156	9.69348
158	9.69308
160	9.69315
162	9.69264
164	9.69254
166	9.69263
168	9.69189
170	9.69118
172	9.69053
174	9.69023
176	9.69074
178	9.68964
180	9.6887
182	9.68943
184	9.68965
186	9.68904
188	9.68887
190	9.68965
192	9.68953
194	9.68902
196	9.68917
198	9.68877
200	9.68781
202	9.68705
204	9.68773
206	9.68752
208	9.68741
210	9.68749
212	9.68859
214	9.68984
216	9.68919
218	9.68793
220	9.68745
222	9.68705
224	9.68695
226	9.68615
228	9.68544
230	9.68516
232	9.68537
234	9.68561
236	9.68552
238	9.68623
240	9.68675
242	9.68654
244	9.68582
246	9.68521
248	9.68403
250	9.68374
252	9.68362
254	9.68348
256	9.6835
258	9.6833
260	9.68256
262	9.68284
264	9.68283
266	9.68321
268	9.68316
270	9.68394
272	9.68386
274	9.68298
276	9.68309
278	9.68409
280	9.68299
282	9.68169
284	9.68194
286	9.68247
288	9.68263
290	9.68342
292	9.68403
294	9.68277
296	9.68141
298	9.68059
300	9.68065
302	9.68156
304	9.68146
306	9.67819
308	9.6744
310	9.67226
312	9.67061
314	9.66954
316	9.66902
318	9.66772
320	9.66731
322	9.66736
324	9.66856
326	9.67117
328	9.67362
330	9.67488
332	9.67557
334	9.67589
336	9.67515
338	9.67451
340	9.67446
342	9.67472
344	9.67691
346	9.67709
348	9.676
350	9.67636
352	9.67741
354	9.67645
356	9.67669
358	9.67681
360	9.67765
362	9.67583
364	9.67405
366	9.67427
368	9.67394
370	9.67379
372	9.67377
374	9.67385
376	9.67387
378	9.67376
380	9.67424
382	9.67373
384	9.67328
386	9.67328
388	9.67313
390	9.67379
392	9.6748
394	9.67462
396	9.67359
398	9.67273
400	9.67271
402	9.67204
404	9.67228
406	9.67271
408	9.67215
410	9.67293
412	9.67336
414	9.67263
416	9.67198
418	9.67251
420	9.67222
422	9.67117
424	9.67146
426	9.67058
428	9.67132
430	9.67169
432	9.67277
434	9.6725
436	9.67195
438	9.67186
440	9.67052
442	9.66985
444	9.6696
446	9.67082
448	9.67141
450	9.67177
452	9.67142
454	9.67123
456	9.67028
458	9.66933
460	9.66886
462	9.66953
464	9.6697
466	9.66954
468	9.67124
470	9.67202
472	9.67093
474	9.67025
476	9.66925
478	9.66809
480	9.66819
482	9.66785
484	9.66733
486	9.66725
488	9.66727
490	9.66677
492	9.6669
494	9.66738
496	9.66792
498	9.6674
500	9.66692
502	9.66659
504	9.66581
506	9.66527
508	9.66488
510	9.66493
512	9.66402
514	9.66435
516	9.66521
518	9.66609
520	9.66655
522	9.66719
524	9.6673
526	9.66697
528	9.66608
530	9.66573
532	9.66544
534	9.66547
536	9.66501
538	9.66368
540	9.66367
542	9.66477
544	9.66322
546	9.65956
548	9.65574
550	9.65429
552	9.65483
554	9.65376
556	9.65283
558	9.65311
560	9.65373
562	9.65223
564	9.65254
566	9.65517
568	9.65718
570	9.65972
572	9.66074
574	9.66137
576	9.66256
578	9.66263
580	9.6628
582	9.66199
584	9.66154
586	9.66178
588	9.6621
590	9.66126
592	9.66089
594	9.65984
596	9.65985
598	9.65984
600	9.65945
602	9.65929
604	9.66009
606	9.66043
608	9.66029
610	9.65952
612	9.65978
614	9.66022
616	9.6603
618	9.6604
620	9.65948
622	9.65889
624	9.65838
626	9.65793
628	9.65741
630	9.65872
632	9.65924
634	9.65963
636	9.65986
638	9.6591
640	9.65913
642	9.65972
644	9.65961
646	9.65914
648	9.658
650	9.65808
652	9.65779
654	9.6573
656	9.65708
658	9.65675
660	9.65666
662	9.6571
664	9.65792
666	9.65738
668	9.65758
670	9.65681
672	9.65598
674	9.65596
676	9.65682
678	9.65714
680	9.65819
682	9.65802
684	9.65809
686	9.65823
688	9.65783
690	9.6568
692	9.65609
694	9.65598
696	9.65542
698	9.65547
700	9.65526
702	9.65595
704	9.65632
706	9.65625
708	9.65598
710	9.65577
712	9.6565
714	9.65706
716	9.6562
718	9.65652
720	9.65549
722	9.65461
724	9.6549
726	9.6544
728	9.65425
730	9.65408
732	9.65469
734	9.65399
736	9.65457
738	9.65489
740	9.6542
742	9.65482
744	9.65477
746	9.6542
748	9.65317
750	9.65307
752	9.65317
754	9.653
756	9.65264
758	9.65301
760	9.65275
762	9.65365
764	9.65403
766	9.65409
768	9.65356
770	9.65306
772	9.65224
774	9.65246
776	9.65238
778	9.65243
780	9.65204
782	9.65217
784	9.65147
786	9.64875
788	9.64467
790	9.64207
792	9.64108
794	9.64161
796	9.64181
798	9.64077
800	9.63991
802	9.64078
804	9.64146
806	9.6436
808	9.64615
810	9.64856
812	9.65015
814	9.6505
816	9.65063
818	9.64963
820	9.64995
822	9.64966
824	9.64975
826	9.64961
828	9.64899
830	9.64857
832	9.64871
834	9.64949
836	9.64853
838	9.6485
840	9.64773
842	9.64772
844	9.64824
846	9.64873
848	9.6484
850	9.6484
852	9.64947
854	9.6496
856	9.64941
858	9.64975
860	9.64959
862	9.64985
864	9.64996
866	9.64998
868	9.64944
870	9.64915
872	9.64871
874	9.64844
876	9.6488
878	9.64816
880	9.64737
882	9.64662
884	9.64678
886	9.64734
888	9.64751
890	9.64817
892	9.64907
894	9.64996
896	9.64977
898	9.64936
900	9.64888
902	9.64844
904	9.64777
906	9.64725
908	9.64699
910	9.64721
912	9.64767
914	9.64764
916	9.64836
918	9.64953
920	9.64841
922	9.64726
924	9.64648
926	9.64705
928	9.64705
930	9.64659
932	9.64576
934	9.64626
936	9.64666
938	9.64677
940	9.6462
942	9.64676
944	9.64725
946	9.64737
948	9.64703
950	9.64685
952	9.64631
954	9.64587
956	9.64496
958	9.64472
960	9.64551
962	9.64554
964	9.64555
966	9.64534
968	9.6456
970	9.64593
972	9.64564
974	9.6455
976	9.64504
978	9.64599
980	9.64584
982	9.64505
984	9.64522
986	9.64503
988	9.64465
990	9.6445
992	9.64417
994	9.64359
996	9.64296
998	9.64386
1000	9.64399
1002	9.64297
1004	9.64276
1006	9.64302
1008	9.64344
1010	9.64302
1012	9.64279
1014	9.64327
1016	9.64297
1018	9.64255
1020	9.6424
1022	9.64308
1024	9.6426
1026	9.63896
1028	9.63509
1030	9.63369
1032	9.6333
1034	9.63249
1036	9.63257
1038	9.63282
1040	9.63236
1042	9.6309
1044	9.63244
1046	9.6354
1048	9.63787
1050	9.63949
1052	9.63985
1054	9.64049
1056	9.64054
1058	9.64157
1060	9.64212
1062	9.64257
1064	9.64088
1066	9.63998
1068	9.64063
1070	9.6418
1072	9.64128
1074	9.64059
1076	9.63988
1078	9.63922
1080	9.63916
1082	9.64029
1084	9.64018
1086	9.64044
1088	9.64096
1090	9.63972
1092	9.63938
1094	9.63957
1096	9.63977
1098	9.63985
1100	9.63954
1102	9.63916
1104	9.63924
1106	9.6391
1108	9.63901
1110	9.63944
1112	9.6402
1114	9.63992
1116	9.64107
1118	9.63952
1120	9.63937
1122	9.63952
1124	9.63901
1126	9.63863
1128	9.6388
1130	9.63862
1132	9.63935
1134	9.64033
1136	9.63967
1138	9.63917
1140	9.63885
1142	9.63916
1144	9.63914
1146	9.63856
1148	9.63747
1150	9.63842
1152	9.63923
1154	9.63823
1156	9.63795
1158	9.638
1160	9.63865
1162	9.63802
1164	9.6371
1166	9.63691
1168	9.63787
1170	9.63814
1172	9.63788
1174	9.63807
1176	9.6377
1178	9.63803
1180	9.63802
1182	9.63834
1184	9.63819
1186	9.63883
1188	9.63796
1190	9.63692
1192	9.63733
1194	9.63755
1196	9.63647
1198	9.63535
1200	9.63609
1202	9.63517
1204	9.63487
1206	9.63646
1208	9.63614
1210	9.63682
1212	9.63733
1214	9.6375
1216	9.63888
1218	9.63876
1220	9.63777
1222	9.63723
1224	9.63683
1226	9.6361
1228	9.63622
1230	9.63706
1232	9.63746
1234	9.63682
1236	9.63739
1238	9.63779
1240	9.63758
1242	9.63634
1244	9.63597
1246	9.63643
1248	9.63471
1250	9.63478
1252	9.63502
1254	9.63512
1256	9.63542
1258	9.63546
1260	9.63518
1262	9.63549
1264	9.63498
1266	9.63215
1268	9.62827
1270	9.62512
1272	9.62354
1274	9.62334
1276	9.62382
1278	9.62435
1280	9.6235
1282	9.62223
1284	9.62246
1286	9.62556
1288	9.62883
1290	9.6307
1292	9.63212
1294	9.63236
1296	9.6315
1298	9.63201
1300	9.63248
1302	9.63302
1304	9.63372
1306	9.63391
1308	9.63423
1310	9.63293
1312	9.63273
1314	9.63306
1316	9.63351
1318	9.63277
1320	9.63284
1322	9.63338
1324	9.63283
1326	9.63292
1328	9.63295
1330	9.63265
1332	9.63317
1334	9.63302
1336	9.6331
1338	9.63342
1340	9.63258
1342	9.63232
1344	9.63221
1346	9.63232
1348	9.63105
1350	9.63087
1352	9.63098
1354	9.63138
1356	9.63177
1358	9.63207
1360	9.63282
1362	9.63203
1364	9.63116
1366	9.6315
1368	9.63134
1370	9.63222
1372	9.63214
1374	9.63264
1376	9.63245
1378	9.63236
1380	9.63266
1382	9.6321
1384	9.63183
1386	9.63202
1388	9.63245
1390	9.63348
1392	9.63279
1394	9.6326
1396	9.63175
1398	9.63184
1400	9.63189
1402	9.63097
1404	9.63061
1406	9.63109
1408	9.63123
1410	9.63055
1412	9.63066
1414	9.6296
1416	9.63095
1418	9.63172
1420	9.63124
1422	9.63087
1424	9.63128
1426	9.63198
1428	9.63259
1430	9.63209
1432	9.63168
1434	9.63213
1436	9.63141
1438	9.63051
1440	9.62938
1442	9.62896
1444	9.62897
1446	9.63
1448	9.62965
1450	9.6297
1452	9.62966
1454	9.62999
1456	9.62988
1458	9.62994
1460	9.62951
1462	9.62934
1464	9.62984
1466	9.63092
1468	9.63118
1470	9.6299
1472	9.62972
1474	9.63016
1476	9.63044
1478	9.63007
1480	9.63032
1482	9.63074
1484	9.62963
1486	9.62958
1488	9.62977
1490	9.6282
1492	9.62757
1494	9.628
1496	9.62878
1498	9.62998
1500	9.6308
1502	9.63115
1504	9.63035
1506	9.62694
1508	9.62325
1510	9.62019
1512	9.61821
1514	9.61759
1516	9.61679
1518	9.61678
1520	9.61807
1522	9.618
1524	9.61725
1526	9.61946
1528	9.62281
1530	9.62563
1532	9.6267
1534	9.62718
1536	9.62674
1538	9.62707
1540	9.62718
1542	9.62792
1544	9.62872
1546	9.62827
1548	9.62856
1550	9.62851
1552	9.62809
1554	9.62838
1556	9.62849
1558	9.62767
1560	9.62712
1562	9.62643
1564	9.6259
1566	9.62617
1568	9.62736
1570	9.62793
1572	9.6284
1574	9.6279
1576	9.62684
1578	9.62606
1580	9.62769
1582	9.62755
1584	9.62662
1586	9.62601
1588	9.62599
1590	9.62608
1592	9.62621
1594	9.62636
1596	9.62612
1598	9.62689
1600	9.62704
1602	9.62656
1604	9.62683
1606	9.62691
1608	9.62568
1610	9.62592
1612	9.62744
1614	9.62665
1616	9.62731
1618	9.62726
1620	9.62678
1622	9.62678
1624	9.62701
1626	9.6276
1628	9.62726
1630	9.62779
1632	9.627
1634	9.62652
1636	9.62682
1638	9.62651
1640	9.62575
1642	9.62702
1644	9.62719
1646	9.62734
1648	9.62706
1650	9.62707
1652	9.62663
1654	9.62652
1656	9.62669
1658	9.62682
1660	9.62768
1662	9.62825
1664	9.62762
1666	9.62674
1668	9.62683
1670	9.62665
1672	9.62584
1674	9.62493
1676	9.6244
1678	9.62406
1680	9.62457
1682	9.62414
1684	9.62434
1686	9.62537
1688	9.62607
1690	9.62543
1692	9.6252
1694	9.62558
1696	9.62523
1698	9.62562
1700	9.6262
1702	9.62663
1704	9.6267
1706	9.62617
1708	9.62499
1710	9.62559
1712	9.62633
1714	9.62581
1716	9.62487
1718	9.62559
1720	9.62619
1722	9.62678
1724	9.62638
1726	9.62613
1728	9.62656
1730	9.62547
1732	9.62463
1734	9.62491
1736	9.62505
1738	9.62471
1740	9.62474
1742	9.62464
1744	9.62415
1746	9.62169
1748	9.61935
1750	9.61729
1752	9.61581
1754	9.61509
1756	9.61524
1758	9.6152
1760	9.61474
1762	9.61473
1764	9.61418
1766	9.61625
1768	9.62039
1770	9.62203
1772	9.622
1774	9.62292
1776	9.62306
1778	9.62359
1780	9.62356
1782	9.62314
1784	9.62304
1786	9.62327
1788	9.62357
1790	9.62344
1792	9.62356
1794	9.62355
1796	9.6233
1798	9.62304
1800	9.62349
1802	9.62245
1804	9.62323
1806	9.62416
1808	9.62433
1810	9.62398
1812	9.62376
1814	9.6239
1816	9.62401
1818	9.62356
1820	9.62364
1822	9.6242
1824	9.62401
1826	9.62358
1828	9.62268
1830	9.62287
1832	9.6229
1834	9.62301
1836	9.62281
1838	9.62307
1840	9.6226
1842	9.62262
1844	9.62353
1846	9.62438
1848	9.62402
1850	9.62439
1852	9.62433
1854	9.62416
1856	9.62389
1858	9.62322
1860	9.62234
1862	9.62291
1864	9.62407
1866	9.62381
1868	9.62373
1870	9.62294
1872	9.62303
1874	9.62325
1876	9.62319
1878	9.623
1880	9.62363
1882	9.62373
1884	9.6234
1886	9.62298
1888	9.62304
1890	9.62297
1892	9.62241
1894	9.62323
1896	9.62305
1898	9.6226
1900	9.6222
1902	9.62245
1904	9.62322
1906	9.62251
1908	9.62328
1910	9.62448
1912	9.62465
1914	9.62439
1916	9.62415
1918	9.62379
1920	9.62382
1922	9.62313
1924	9.62179
1926	9.62167
1928	9.62207
1930	9.62267
1932	9.622
1934	9.62155
1936	9.62168
1938	9.62244
1940	9.62285
1942	9.62243
1944	9.62172
1946	9.62172
1948	9.62246
1950	9.62342
1952	9.62213
1954	9.62219
1956	9.62292
1958	9.62305
1960	9.62253
1962	9.62199
1964	9.62235
1966	9.62275
1968	9.62266
1970	9.62198
1972	9.62133
1974	9.62172
1976	9.62286
1978	9.62316
1980	9.62364
1982	9.62325
1984	9.6218
1986	9.61982
1988	9.61655
1990	9.61445
1992	9.61263
1994	9.61189
1996	9.61183
1998	9.61118
2000	9.6105
2002	9.61022
2004	9.60987
2006	9.61191
2008	9.61674
2010	9.6186
2012	9.61916
2014	9.62
2016	9.62077
2018	9.62212
2020	9.62264
2022	9.62191
2024	9.62065
2026	9.62001
2028	9.61947
2030	9.61934
2032	9.61979
2034	9.62062
2036	9.62001
2038	9.6202
2040	9.62133
2042	9.62107
2044	9.6198
2046	9.61937
2048	9.62009
2050	9.62069
2052	9.62044
2054	9.61953
2056	9.61839
2058	9.61902
2060	9.62023
2062	9.61967
2064	9.61907
2066	9.61938
2068	9.6186
2070	9.61931
2072	9.61984
2074	9.62016
2076	9.62041
2078	9.61945
2080	9.61927
2082	9.62016
2084	9.62083
2086	9.62131
2088	9.62075
2090	9.62039
2092	9.61965
2094	9.62028
2096	9.6205
2098	9.61957
2100	9.61983
2102	9.61969
2104	9.61942
2106	9.61983
2108	9.62041
2110	9.62061
2112	9.62021
2114	9.61994
2116	9.6197
2118	9.62007
2120	9.62013
2122	9.62003
2124	9.62125
2126	9.62148
2128	9.62039
2130	9.62018
2132	9.61957
2134	9.61942
2136	9.62015
2138	9.62016
2140	9.61993
2142	9.61938
2144	9.61864
2146	9.61834
2148	9.61898
2150	9.61923
2152	9.61936
2154	9.61998
2156	9.62006
2158	9.61926
2160	9.61868
2162	9.61896
2164	9.61949
2166	9.61897
2168	9.62018
2170	9.62005
2172	9.61968
2174	9.61828
2176	9.6179
2178	9.61881
2180	9.6197
2182	9.61944
2184	9.61958
2186	9.62044
2188	9.62056
2190	9.62057
2192	9.62015
2194	9.62033
2196	9.62018
2198	9.6203
2200	9.62005
2202	9.62029
2204	9.61989
2206	9.61914
2208	9.61973
2210	9.62028
2212	9.6199
2214	9.61988
2216	9.61943
2218	9.6192
2220	9.61906
2222	9.61859
2224	9.61834
2226	9.61654
2228	9.61318
2230	9.6105
2232	9.60908
2234	9.60886
2236	9.60874
2238	9.60851
2240	9.60828
2242	9.60871
2244	9.60897
2246	9.6113
2248	9.61431
2250	9.61638
2252	9.61643
2254	9.6157
2256	9.61626
2258	9.61631
2260	9.61695
2262	9.61704
2264	9.61678
2266	9.61552
2268	9.61681
2270	9.61763
2272	9.61771
2274	9.6185
2276	9.61829
2278	9.61732
2280	9.61809
2282	9.61805
2284	9.61695
2286	9.61675
2288	9.61642
2290	9.61709
2292	9.61746
2294	9.61707
2296	9.61687
2298	9.61664
2300	9.61741
2302	9.61661
2304	9.61607
2306	9.61613
2308	9.61666
2310	9.61753
2312	9.61834
2314	9.61821
2316	9.61809
2318	9.61799
2320	9.61832
2322	9.61867
2324	9.61833
2326	9.61798
2328	9.6174
2330	9.61574
2332	9.61618
2334	9.61645
2336	9.61618
2338	9.61604
2340	9.61691
2342	9.61724
2344	9.61748
2346	9.6178
2348	9.61806
2350	9.61861
2352	9.61842
2354	9.61823
2356	9.61744
2358	9.61809
2360	9.61833
2362	9.61742
2364	9.61821
2366	9.61829
2368	9.61815
2370	9.61781
2372	9.61703
2374	9.61669
2376	9.61675
2378	9.61782
2380	9.61824
2382	9.61876
2384	9.6183
2386	9.61774
2388	9.61675
2390	9.61786
2392	9.61826
2394	9.61743
2396	9.6174
2398	9.61779
2400	9.61719
2402	9.61713
2404	9.61762
2406	9.61793
2408	9.61702
2410	9.61694
2412	9.61753
2414	9.61772
2416	9.61789
2418	9.61858
2420	9.61862
2422	9.61839
2424	9.61729
2426	9.61566
2428	9.61487
2430	9.61596
2432	9.61615
2434	9.61608
2436	9.61581
2438	9.61617
2440	9.61645
2442	9.61645
2444	9.61669
2446	9.61718
2448	9.61869
2450	9.61905
2452	9.61856
2454	9.61753
2456	9.61699
2458	9.61714
2460	9.61679
2462	9.61621
2464	9.61576
2466	9.61381
2468	9.61069
2470	9.60863
2472	9.60832
2474	9.60691
2476	9.60609
2478	9.6054
2480	9.60474
2482	9.60487
2484	9.60456
2486	9.60627
2488	9.60959
2490	9.61225
2492	9.61347
2494	9.61477
2496	9.61604
2498	9.61644
2500	9.61559
2502	9.61573
2504	9.61512
2506	9.61486
2508	9.61586
2510	9.61576
2512	9.61523
2514	9.61521
2516	9.6146
2518	9.6144
2520	9.61518
2522	9.61438
2524	9.61481
2526	9.616
2528	9.61657
2530	9.61666
2532	9.61776
2534	9.61712
2536	9.61605
2538	9.61636
2540	9.61566
2542	9.61521
2544	9.61648
2546	9.61736
2548	9.61808
2550	9.61784
2552	9.61807
2554	9.61784
2556	9.61711
2558	9.61732
2560	9.61757
2562	9.61745
2564	9.61779
2566	9.61747
2568	9.61693
2570	9.61648
2572	9.61657
2574	9.61679
2576	9.61701
2578	9.61715
2580	9.61641
2582	9.6163
2584	9.61589
2586	9.61569
2588	9.61656
2590	9.61679
2592	9.61649
2594	9.61704
2596	9.61735
2598	9.61619
2600	9.61652
2602	9.61788
2604	9.61688
2606	9.61668
2608	9.61551
2610	9.61485
2612	9.61602
2614	9.61566
2616	9.61558
2618	9.61516
2620	9.61521
2622	9.61568
2624	9.61628
2626	9.61683
2628	9.617
2630	9.61685
2632	9.61688
2634	9.61604
2636	9.61602
2638	9.61656
2640	9.61692
2642	9.61709
2644	9.61786
2646	9.61708
2648	9.61698
2650	9.61683
2652	9.61662
2654	9.61631
2656	9.6165
2658	9.61603
2660	9.61697
2662	9.61782
2664	9.61784
2666	9.61645
2668	9.61556
2670	9.61585
2672	9.61627
2674	9.61562
2676	9.61553
2678	9.61545
2680	9.61499
2682	9.61475
2684	9.61503
2686	9.61531
2688	9.6167
2690	9.61705
2692	9.61687
2694	9.61596
2696	9.61489
2698	9.61476
2700	9.61548
