time	cp
2	9.67262
4	9.67292
6	9.67249
8	9.67275
10	9.67269
12	9.67241
14	9.6728
16	9.67303
18	9.67253
20	9.67195
22	9.67175
24	9.67146
26	9.67124
28	9.67107
30	9.66968
32	9.66923
34	9.66875
36	9.6691
38	9.66925
40	9.66986
42	9.66917
44	9.66826
46	9.66864
48	9.66848
50	9.66828
52	9.66824
54	9.66717
56	9.66709
58	9.66762
60	9.66675
62	9.66638
64	9.66579
66	9.6652
68	9.66503
70	9.66543
72	9.66522
74	9.66515
76	9.66497
78	9.66448
80	9.66525
82	9.66437
84	9.66443
86	9.66446
88	9.66423
90	9.66472
92	9.66395
94	9.66349
96	9.66247
98	9.66275
100	9.66307
102	9.66235
104	9.66219
106	9.66195
108	9.66211
110	9.66124
112	9.66054
114	9.66128
116	9.66088
118	9.66075
120	9.66159
122	9.66123
124	9.6609
126	9.6604
128	9.66031
130	9.66021
132	9.65962
134	9.65961
136	9.65956
138	9.65948
140	9.65899
142	9.65869
144	9.65916
146	9.65926
148	9.65867
150	9.65948
152	9.65931
154	9.6589
156	9.65885
158	9.65808
160	9.65836
162	9.65744
164	9.65728
166	9.65729
168	9.65724
170	9.6562
172	9.65575
174	9.65491
176	9.65514
178	9.65588
180	9.65598
182	9.65682
184	9.65663
186	9.6549
188	9.65454
190	9.65488
192	9.65563
194	9.65604
196	9.65548
198	9.65522
200	9.6549
202	9.65304
204	9.65301
206	9.65306
208	9.65358
210	9.65429
212	9.65388
214	9.65308
216	9.6524
218	9.65191
220	9.65283
222	9.65286
224	9.65237
226	9.65152
228	9.65077
230	9.65128
232	9.65037
234	9.65075
236	9.65093
238	9.65036
240	9.65004
242	9.6506
244	9.65076
246	9.64991
248	9.65041
250	9.64983
252	9.64934
254	9.64905
256	9.64891
258	9.64951
260	9.64956
262	9.6484
264	9.64847
266	9.64807
268	9.64864
270	9.64923
272	9.64873
274	9.6483
276	9.64793
278	9.64804
280	9.64747
282	9.6467
284	9.64687
286	9.64715
288	9.64769
290	9.64777
292	9.64654
294	9.64524
296	9.64532
298	9.64647
300	9.64709
302	9.64594
304	9.64348
306	9.63412
308	9.5952
310	9.51156
312	9.38472
314	9.23427
316	9.08974
318	8.98223
320	8.92253
322	8.90681
324	8.92563
326	8.96812
328	9.02579
330	9.08906
332	9.1532
334	9.21546
336	9.27305
338	9.32531
340	9.37006
342	9.40919
344	9.44381
346	9.47364
348	9.49885
350	9.5207
352	9.53922
354	9.55344
356	9.56562
358	9.57576
360	9.58377
362	9.59139
364	9.59789
366	9.60252
368	9.60551
370	9.60885
372	9.61147
374	9.61451
376	9.61679
378	9.61939
380	9.62191
382	9.62274
384	9.62353
386	9.62464
388	9.62566
390	9.6262
392	9.62695
394	9.62807
396	9.6293
398	9.62991
400	9.63092
402	9.63089
404	9.6312
406	9.63224
408	9.63279
410	9.63281
412	9.6327
414	9.63308
416	9.63412
418	9.63383
420	9.63337
422	9.63262
424	9.63282
426	9.63315
428	9.63353
430	9.6341
432	9.63361
434	9.63369
436	9.63458
438	9.63589
440	9.63554
442	9.63583
444	9.63638
446	9.63633
448	9.63533
450	9.63657
452	9.63648
454	9.63596
456	9.63563
458	9.63572
460	9.63524
462	9.63471
464	9.63451
466	9.63361
468	9.63312
470	9.6332
472	9.63375
474	9.63327
476	9.63336
478	9.63307
480	9.63208
482	9.63144
484	9.63193
486	9.63172
488	9.63218
490	9.63243
492	9.63258
494	9.63253
496	9.63211
498	9.63256
500	9.63249
502	9.63191
504	9.63158
506	9.63109
508	9.63102
510	9.63207
512	9.6317
514	9.63073
516	9.63019
518	9.63015
520	9.62993
522	9.62959
524	9.62963
526	9.63109
528	9.63105
530	9.63053
532	9.6311
534	9.6309
536	9.62991
538	9.62892
540	9.62877
542	9.63019
544	9.62875
546	9.61091
548	9.55688
550	9.45849
552	9.32368
554	9.1724
556	9.03225
558	8.9277
560	8.86805
562	8.85061
564	8.86736
566	8.90852
568	8.96516
570	9.02858
572	9.09314
574	9.15634
576	9.21639
578	9.27058
580	9.31947
582	9.36361
584	9.40174
586	9.43365
588	9.46125
590	9.48449
592	9.50312
594	9.52042
596	9.53481
598	9.54723
600	9.55777
602	9.56584
604	9.57288
606	9.57716
608	9.58184
610	9.58612
612	9.59033
614	9.59369
616	9.59719
618	9.59854
620	9.59935
622	9.60143
624	9.6032
626	9.60452
628	9.6063
630	9.60858
632	9.60942
634	9.6107
636	9.61198
638	9.6125
640	9.61286
642	9.61333
644	9.61484
646	9.61493
648	9.61515
650	9.61575
652	9.61632
654	9.61708
656	9.6171
658	9.6175
660	9.61822
662	9.61839
664	9.61854
666	9.61836
668	9.61879
670	9.61861
672	9.61809
674	9.61989
676	9.61997
678	9.6193
680	9.61847
682	9.61865
684	9.61849
686	9.61892
688	9.61856
690	9.61904
692	9.61882
694	9.61891
696	9.61846
698	9.61869
700	9.6184
702	9.61859
704	9.61887
706	9.61848
708	9.61808
710	9.61753
712	9.61838
714	9.61866
716	9.61764
718	9.61745
720	9.61729
722	9.61718
724	9.61792
726	9.6183
728	9.61857
730	9.61825
732	9.61745
734	9.61755
736	9.61797
738	9.61758
740	9.61688
742	9.61666
744	9.61597
746	9.61645
748	9.61595
750	9.61571
752	9.61568
754	9.61517
756	9.61575
758	9.61557
760	9.61559
762	9.61595
764	9.61535
766	9.61572
768	9.61552
770	9.61529
772	9.61445
774	9.61531
776	9.61582
778	9.61662
780	9.61577
782	9.61552
784	9.61411
786	9.60077
788	9.55477
790	9.47047
792	9.35477
794	9.22097
796	9.09271
798	8.99441
800	8.93543
802	8.91257
804	8.91985
806	8.94988
808	8.99564
810	9.05024
812	9.1066
814	9.16239
816	9.21569
818	9.26514
820	9.31068
822	9.35119
824	9.38653
826	9.41743
828	9.44384
830	9.46685
832	9.48682
834	9.50364
836	9.51843
838	9.53023
840	9.54075
842	9.55019
844	9.55686
846	9.56248
848	9.56829
850	9.57295
852	9.57662
854	9.58002
856	9.58348
858	9.58459
860	9.58611
862	9.58952
864	9.59148
866	9.59301
868	9.5942
870	9.59482
872	9.59561
874	9.59783
876	9.59918
878	9.6001
880	9.60143
882	9.60262
884	9.60303
886	9.60316
888	9.60375
890	9.60357
892	9.60358
894	9.60398
896	9.6042
898	9.6037
900	9.60423
902	9.60458
904	9.60503
906	9.60577
908	9.60683
910	9.60741
912	9.60792
914	9.60763
916	9.60765
918	9.60796
920	9.60831
922	9.60846
924	9.60864
926	9.60905
928	9.60882
930	9.60784
932	9.60787
934	9.60844
936	9.60821
938	9.60826
940	9.60836
942	9.60857
944	9.60804
946	9.60711
948	9.60764
950	9.60751
952	9.60736
954	9.60757
956	9.60726
958	9.60707
960	9.60736
962	9.60773
964	9.60752
966	9.60779
968	9.60804
970	9.60649
972	9.60595
974	9.60628
976	9.60661
978	9.60767
980	9.60692
982	9.60651
984	9.60595
986	9.60599
988	9.60544
990	9.60538
992	9.60537
994	9.60601
996	9.60613
998	9.60733
1000	9.60694
1002	9.6059
1004	9.60574
1006	9.60506
1008	9.60549
1010	9.60546
1012	9.60532
1014	9.60539
1016	9.60525
1018	9.60528
1020	9.60434
1022	9.60455
1024	9.60448
1026	9.59287
1028	9.55639
1030	9.48676
1032	9.38868
1034	9.27511
1036	9.16402
1038	9.07603
1040	9.02084
1042	8.99541
1044	8.99548
1046	9.0169
1048	9.05244
1050	9.09629
1052	9.14254
1054	9.1894
1056	9.23631
1058	9.27802
1060	9.31734
1062	9.3531
1064	9.38447
1066	9.41361
1068	9.43815
1070	9.45953
1072	9.47782
1074	9.49391
1076	9.50772
1078	9.52045
1080	9.53068
1082	9.53884
1084	9.54648
1086	9.55301
1088	9.55784
1090	9.56261
1092	9.56671
1094	9.57005
1096	9.57271
1098	9.57573
1100	9.57754
1102	9.57929
1104	9.58164
1106	9.58411
1108	9.58605
1110	9.58685
1112	9.58765
1114	9.58848
1116	9.58912
1118	9.59011
1120	9.5909
1122	9.5918
1124	9.59234
1126	9.59354
1128	9.59442
1130	9.59502
1132	9.59534
1134	9.59526
1136	9.59537
1138	9.59492
1140	9.5964
1142	9.59737
1144	9.59747
1146	9.59779
1148	9.59847
1150	9.59882
1152	9.59865
1154	9.59833
1156	9.59859
1158	9.59966
1160	9.59941
1162	9.59872
1164	9.59828
1166	9.59911
1168	9.59991
1170	9.59989
1172	9.59933
1174	9.59883
1176	9.59881
1178	9.59935
1180	9.59982
1182	9.59916
1184	9.59901
1186	9.5992
1188	9.59917
1190	9.60009
1192	9.59996
1194	9.5997
1196	9.59927
1198	9.59896
1200	9.59901
1202	9.59907
1204	9.59949
1206	9.59962
1208	9.59969
1210	9.60032
1212	9.5995
1214	9.59936
1216	9.59974
1218	9.60021
1220	9.59945
1222	9.59852
1224	9.59881
1226	9.59951
1228	9.59928
1230	9.59931
1232	9.59782
1234	9.59734
1236	9.59772
1238	9.59704
1240	9.59878
1242	9.59937
1244	9.59873
1246	9.59893
1248	9.59927
1250	9.5996
1252	9.59814
1254	9.59779
1256	9.59835
1258	9.59727
1260	9.59681
1262	9.59796
1264	9.59678
1266	9.58705
1268	9.55774
1270	9.50214
1272	9.42396
1274	9.33189
1276	9.24198
1278	9.16986
1280	9.12327
1282	9.10071
1284	9.09805
1286	9.11214
1288	9.13746
1290	9.16934
1292	9.20619
1294	9.24293
1296	9.2785
1298	9.3123
1300	9.34471
1302	9.37352
1304	9.40012
1306	9.42391
1308	9.44526
1310	9.46323
1312	9.47983
1314	9.49396
1316	9.50601
1318	9.51573
1320	9.5246
1322	9.53279
1324	9.54003
1326	9.5453
1328	9.55065
1330	9.55602
1332	9.56019
1334	9.56419
1336	9.56754
1338	9.56968
1340	9.5719
1342	9.5742
1344	9.57637
1346	9.57811
1348	9.57983
1350	9.58139
1352	9.58194
1354	9.58216
1356	9.58292
1358	9.58467
1360	9.58572
1362	9.58644
1364	9.58676
1366	9.58682
1368	9.58678
1370	9.58717
1372	9.58787
1374	9.58931
1376	9.58972
1378	9.58994
1380	9.5905
1382	9.5898
1384	9.58992
1386	9.58956
1388	9.59036
1390	9.59028
1392	9.59064
1394	9.59175
1396	9.59161
1398	9.59161
1400	9.5919
1402	9.59221
1404	9.59179
1406	9.59304
1408	9.59347
1410	9.59263
1412	9.59242
1414	9.59267
1416	9.59228
1418	9.59183
1420	9.59154
1422	9.59159
1424	9.59092
1426	9.59156
1428	9.59231
1430	9.59243
1432	9.59232
1434	9.59204
1436	9.59208
1438	9.59182
1440	9.59264
1442	9.59344
1444	9.59285
1446	9.59267
1448	9.59278
1450	9.59271
1452	9.59242
1454	9.59181
1456	9.59267
1458	9.59278
1460	9.5922
1462	9.59157
1464	9.59186
1466	9.59112
1468	9.59192
1470	9.59187
1472	9.59166
1474	9.59212
1476	9.59128
1478	9.59136
1480	9.59172
1482	9.59105
1484	9.58995
1486	9.59016
1488	9.59009
1490	9.59042
1492	9.59007
1494	9.5907
1496	9.5912
1498	9.59048
1500	9.59031
1502	9.59046
1504	9.58994
1506	9.58235
1508	9.55879
1510	9.51528
1512	9.45481
1514	9.38536
1516	9.31838
1518	9.26357
1520	9.22807
1522	9.21027
1524	9.20791
1526	9.21792
1528	9.23722
1530	9.26133
1532	9.28749
1534	9.31487
1536	9.34115
1538	9.36645
1540	9.39017
1542	9.41161
1544	9.43141
1546	9.44884
1548	9.46551
1550	9.48018
1552	9.49319
1554	9.5031
1556	9.5135
1558	9.52232
1560	9.5299
1562	9.53637
1564	9.54177
1566	9.54729
1568	9.55099
1570	9.55492
1572	9.55812
1574	9.56092
1576	9.56355
1578	9.56687
1580	9.56946
1582	9.57146
1584	9.57278
1586	9.57437
1588	9.57475
1590	9.57541
1592	9.57681
1594	9.57812
1596	9.57995
1598	9.58169
1600	9.58267
1602	9.58234
1604	9.58281
1606	9.58284
1608	9.58286
1610	9.58325
1612	9.58313
1614	9.5838
1616	9.5839
1618	9.58402
1620	9.58456
1622	9.58474
1624	9.58493
1626	9.58517
1628	9.58604
1630	9.58616
1632	9.58543
1634	9.5851
1636	9.58549
1638	9.58629
1640	9.58624
1642	9.58618
1644	9.58627
1646	9.58545
1648	9.58642
1650	9.58666
1652	9.587
1654	9.5867
1656	9.58625
1658	9.58685
1660	9.58703
1662	9.58666
1664	9.58667
1666	9.58616
1668	9.58534
1670	9.58586
1672	9.58702
1674	9.58731
1676	9.58654
1678	9.58615
1680	9.58523
1682	9.58628
1684	9.58602
1686	9.58505
1688	9.58571
1690	9.58589
1692	9.58583
1694	9.58616
1696	9.58765
1698	9.58686
1700	9.58692
1702	9.58752
1704	9.58677
1706	9.58603
1708	9.5852
1710	9.58583
1712	9.58563
1714	9.58479
1716	9.58555
1718	9.58597
1720	9.58617
1722	9.58511
1724	9.58509
1726	9.58573
1728	9.5854
1730	9.58547
1732	9.58603
1734	9.58725
1736	9.58694
1738	9.58585
1740	9.5855
1742	9.5861
1744	9.58599
1746	9.58021
1748	9.56275
1750	9.52979
1752	9.48403
1754	9.43106
1756	9.38049
1758	9.34136
1760	9.31693
1762	9.30438
1764	9.30373
1766	9.31201
1768	9.32584
1770	9.344
1772	9.36361
1774	9.38346
1776	9.40212
1778	9.42067
1780	9.4387
1782	9.45511
1784	9.46884
1786	9.48131
1788	9.49298
1790	9.50495
1792	9.51449
1794	9.52256
1796	9.52845
1798	9.53367
1800	9.53967
1802	9.54401
1804	9.54857
1806	9.55237
1808	9.555
1810	9.55691
1812	9.55925
1814	9.56217
1816	9.56503
1818	9.56793
1820	9.56928
1822	9.57064
1824	9.57196
1826	9.57306
1828	9.57378
1830	9.57345
1832	9.57492
1834	9.57618
1836	9.57684
1838	9.57691
1840	9.57773
1842	9.5787
1844	9.57902
1846	9.57923
1848	9.57924
1850	9.57911
1852	9.57996
1854	9.58132
1856	9.58174
1858	9.58108
1860	9.58195
1862	9.58206
1864	9.58242
1866	9.58146
1868	9.58077
1870	9.58103
1872	9.58111
1874	9.58023
1876	9.58109
1878	9.58175
1880	9.58212
1882	9.58281
1884	9.5837
1886	9.5831
1888	9.58196
1890	9.5819
1892	9.58188
1894	9.58124
1896	9.58079
1898	9.58159
1900	9.58144
1902	9.58169
1904	9.58204
1906	9.58145
1908	9.58222
1910	9.58282
1912	9.58205
1914	9.58236
1916	9.58257
1918	9.58306
1920	9.58268
1922	9.58216
1924	9.58229
1926	9.58306
1928	9.58384
1930	9.58362
1932	9.58302
1934	9.58285
1936	9.58245
1938	9.58306
1940	9.5833
1942	9.58261
1944	9.58169
1946	9.58166
1948	9.58175
1950	9.5818
1952	9.58149
1954	9.58042
1956	9.58108
1958	9.58161
1960	9.58217
1962	9.58244
1964	9.58273
1966	9.58218
1968	9.58189
1970	9.58221
1972	9.5811
1974	9.58035
1976	9.58056
1978	9.58154
1980	9.58025
1982	9.57925
1984	9.57957
1986	9.57547
1988	9.56099
1990	9.53738
1992	9.50453
1994	9.4671
1996	9.43257
1998	9.40515
2000	9.38783
2002	9.37996
2004	9.38062
2006	9.38797
2008	9.39993
2010	9.41457
2012	9.42874
2014	9.44362
2016	9.45763
2018	9.46987
2020	9.48082
2022	9.49159
2024	9.50171
2026	9.51092
2028	9.51875
2030	9.52687
2032	9.53384
2034	9.53919
2036	9.54335
2038	9.54824
2040	9.55206
2042	9.55527
2044	9.55794
2046	9.56014
2048	9.56065
2050	9.56273
2052	9.56471
2054	9.56613
2056	9.5671
2058	9.56775
2060	9.56898
2062	9.57052
2064	9.57084
2066	9.57217
2068	9.57437
2070	9.57514
2072	9.57516
2074	9.57517
2076	9.57531
2078	9.57617
2080	9.57622
2082	9.57661
2084	9.57711
2086	9.57757
2088	9.57782
2090	9.57755
2092	9.5771
2094	9.57734
2096	9.57797
2098	9.5781
2100	9.5778
2102	9.57858
2104	9.57866
2106	9.57813
2108	9.57898
2110	9.57887
2112	9.5785
2114	9.5796
2116	9.58058
2118	9.58075
2120	9.58101
2122	9.58015
2124	9.57897
2126	9.57914
2128	9.57916
2130	9.57872
2132	9.57807
2134	9.579
2136	9.57968
2138	9.57981
2140	9.58002
2142	9.58047
2144	9.58002
2146	9.57911
2148	9.57871
2150	9.57791
2152	9.57903
2154	9.57994
2156	9.57963
2158	9.57917
2160	9.57983
2162	9.57995
2164	9.58032
2166	9.58068
2168	9.58059
2170	9.57938
2172	9.57966
2174	9.58018
2176	9.5794
2178	9.57935
2180	9.5797
2182	9.58017
2184	9.58058
2186	9.58105
2188	9.58096
2190	9.57968
2192	9.58012
2194	9.5802
2196	9.5797
2198	9.57919
2200	9.57887
2202	9.57974
2204	9.57963
2206	9.57981
2208	9.5794
2210	9.57879
2212	9.57864
2214	9.57899
2216	9.57901
2218	9.57888
2220	9.57848
2222	9.5785
2224	9.57851
2226	9.57479
2228	9.56384
2230	9.54437
2232	9.5187
2234	9.49012
2236	9.46569
2238	9.44788
2240	9.43697
2242	9.43407
2244	9.43563
2246	9.44194
2248	9.44991
2250	9.46049
2252	9.47042
2254	9.48084
2256	9.49126
2258	9.50041
2260	9.50879
2262	9.51705
2264	9.52435
2266	9.53096
2268	9.53588
2270	9.54054
2272	9.54448
2274	9.5481
2276	9.55117
2278	9.5535
2280	9.55632
2282	9.5594
2284	9.56147
2286	9.56323
2288	9.56525
2290	9.56601
2292	9.56704
2294	9.56742
2296	9.56944
2298	9.57164
2300	9.57163
2302	9.57129
2304	9.5722
2306	9.5727
2308	9.57243
2310	9.57242
2312	9.57294
2314	9.57352
2316	9.57395
2318	9.57477
2320	9.57594
2322	9.57515
2324	9.57551
2326	9.57527
2328	9.57637
2330	9.57734
2332	9.57763
2334	9.5773
2336	9.57792
2338	9.57837
2340	9.57792
2342	9.57684
2344	9.57645
2346	9.57709
2348	9.5772
2350	9.57673
2352	9.57702
2354	9.57686
2356	9.57696
2358	9.57722
2360	9.57773
2362	9.57692
2364	9.57679
2366	9.57659
2368	9.57681
2370	9.57695
2372	9.57623
2374	9.5761
2376	9.57624
2378	9.57636
2380	9.57695
2382	9.5772
2384	9.57808
2386	9.57758
2388	9.5767
2390	9.57674
2392	9.57655
2394	9.57622
2396	9.5767
2398	9.57664
2400	9.57629
2402	9.57674
2404	9.57654
2406	9.57604
2408	9.57508
2410	9.57595
2412	9.5759
2414	9.57627
2416	9.57732
2418	9.57739
2420	9.57769
2422	9.57671
2424	9.57532
2426	9.57497
2428	9.5753
2430	9.57535
2432	9.57529
2434	9.57564
2436	9.57584
2438	9.57647
2440	9.57673
2442	9.57766
2444	9.57734
2446	9.57687
2448	9.57798
2450	9.57792
2452	9.57853
2454	9.57813
2456	9.57687
2458	9.576
2460	9.57513
2462	9.57519
2464	9.57534
2466	9.57202
2468	9.56345
2470	9.54842
2472	9.52825
2474	9.50787
2476	9.4906
2478	9.47718
2480	9.46943
2482	9.46781
2484	9.46991
2486	9.47515
2488	9.48292
2490	9.49142
2492	9.49954
2494	9.5068
2496	9.51368
2498	9.52049
2500	9.52693
2502	9.53272
2504	9.53713
2506	9.54067
2508	9.54486
2510	9.54936
2512	9.55315
2514	9.55478
2516	9.55564
2518	9.55734
2520	9.55891
2522	9.56151
2524	9.56263
2526	9.5635
2528	9.56497
2530	9.56625
2532	9.56706
2534	9.56828
2536	9.56915
2538	9.57019
2540	9.57122
2542	9.57102
2544	9.57046
2546	9.57159
2548	9.57305
2550	9.57368
2552	9.57276
2554	9.57244
2556	9.57179
2558	9.57237
2560	9.57226
2562	9.57287
2564	9.57324
2566	9.57287
2568	9.57205
2570	9.57235
2572	9.57291
2574	9.5728
2576	9.57391
2578	9.57579
2580	9.57483
2582	9.5732
2584	9.5735
2586	9.57378
2588	9.57345
2590	9.5743
2592	9.5745
2594	9.57407
2596	9.57269
2598	9.57215
2600	9.57194
2602	9.57177
2604	9.57187
2606	9.57217
2608	9.57289
2610	9.57421
2612	9.57428
2614	9.57471
2616	9.57515
2618	9.57365
2620	9.57403
2622	9.57477
2624	9.57543
2626	9.57576
2628	9.57499
2630	9.57329
2632	9.57297
2634	9.57374
2636	9.57378
2638	9.57382
2640	9.57309
2642	9.57444
2644	9.57478
2646	9.57385
2648	9.57397
2650	9.57387
2652	9.57432
2654	9.57495
2656	9.57442
2658	9.5742
2660	9.57416
2662	9.57462
2664	9.57462
2666	9.57406
2668	9.57458
2670	9.57441
2672	9.57396
2674	9.57463
2676	9.5755
2678	9.57525
2680	9.57418
2682	9.57376
2684	9.57389
2686	9.57254
2688	9.57267
2690	9.57394
2692	9.57344
2694	9.57309
2696	9.57458
2698	9.57527
2700	9.57546
2702	9.57477
2704	9.5729
2706	9.56864
2708	9.56074
2710	9.54864
2712	9.53293
2714	9.51692
2716	9.50391
2718	9.49592
2720	9.49351
2722	9.49341
2724	9.49628
2726	9.50052
2728	9.50495
2730	9.5102
2732	9.51686
2734	9.52301
2736	9.52903
2738	9.53439
2740	9.53818
2742	9.54213
2744	9.54572
2746	9.54995
2748	9.55266
2750	9.55397
2752	9.55574
2754	9.55761
2756	9.56025
2758	9.56137
2760	9.56313
2762	9.56443
2764	9.56441
2766	9.56542
2768	9.56621
2770	9.56641
2772	9.56773
2774	9.56832
2776	9.56889
2778	9.56837
2780	9.56816
2782	9.56851
2784	9.56885
2786	9.56903
2788	9.57032
2790	9.57086
2792	9.57038
2794	9.57067
2796	9.57109
2798	9.57097
2800	9.57063
2802	9.57066
2804	9.57097
2806	9.57168
2808	9.57131
2810	9.57093
2812	9.57023
2814	9.57104
2816	9.57152
2818	9.57124
2820	9.57133
2822	9.57116
2824	9.57168
2826	9.57205
2828	9.57187
2830	9.57146
2832	9.57113
2834	9.57215
2836	9.57252
2838	9.57193
2840	9.57237
2842	9.57299
2844	9.57274
2846	9.57304
2848	9.57216
2850	9.57097
2852	9.57104
2854	9.57239
2856	9.57207
2858	9.57199
2860	9.57179
2862	9.57234
2864	9.57267
2866	9.57233
2868	9.57233
2870	9.57286
2872	9.57316
2874	9.57347
2876	9.5734
2878	9.57327
2880	9.57304
2882	9.57269
2884	9.57288
2886	9.57213
2888	9.57114
2890	9.57058
2892	9.57135
2894	9.57167
2896	9.5713
2898	9.5717
2900	9.57077
2902	9.57067
2904	9.57049
2906	9.57132
2908	9.57146
2910	9.57107
2912	9.57185
2914	9.5719
2916	9.5709
2918	9.5713
2920	9.5708
2922	9.57053
2924	9.57011
2926	9.57026
2928	9.57049
2930	9.57143
2932	9.57182
2934	9.57213
2936	9.57179
2938	9.57216
2940	9.57201
2942	9.5715
2944	9.5707
2946	9.56707
2948	9.55957
2950	9.54917
2952	9.53675
2954	9.52397
2956	9.51472
2958	9.50956
2960	9.50925
2962	9.50923
2964	9.51127
2966	9.51507
2968	9.51877
2970	9.52418
2972	9.52984
2974	9.53383
2976	9.53763
2978	9.54165
2980	9.54544
2982	9.54855
2984	9.55155
2986	9.55372
2988	9.55614
2990	9.55835
2992	9.55959
2994	9.56036
2996	9.56134
2998	9.56278
3000	9.56356
3002	9.56472
3004	9.56526
3006	9.56602
3008	9.56689
3010	9.56715
3012	9.56753
3014	9.56778
3016	9.56758
3018	9.56801
3020	9.56894
3022	9.56925
3024	9.56873
3026	9.56866
3028	9.56933
3030	9.56982
3032	9.57014
3034	9.56988
3036	9.56957
3038	9.56991
3040	9.57094
3042	9.57066
3044	9.57036
3046	9.57126
3048	9.57037
3050	9.57017
3052	9.57033
3054	9.57099
3056	9.57271
3058	9.57226
3060	9.57169
3062	9.5713
3064	9.57104
3066	9.57021
3068	9.5703
3070	9.5705
3072	9.57053
3074	9.57051
3076	9.57111
3078	9.5713
3080	9.57145
3082	9.57123
3084	9.57106
3086	9.57071
3088	9.57099
3090	9.57161
3092	9.57197
3094	9.57165
3096	9.57147
3098	9.57163
3100	9.57174
3102	9.57042
3104	9.57013
3106	9.56991
3108	9.56993
3110	9.56981
3112	9.56952
3114	9.56946
3116	9.56931
3118	9.5695
3120	9.56902
3122	9.56917
3124	9.56892
3126	9.56988
3128	9.57038
3130	9.57113
3132	9.57045
3134	9.57004
3136	9.57118
3138	9.57217
3140	9.57204
3142	9.57122
3144	9.57039
3146	9.57045
3148	9.57076
3150	9.57107
3152	9.57151
3154	9.57159
3156	9.57024
3158	9.5697
3160	9.57055
3162	9.57094
3164	9.57207
3166	9.57163
3168	9.57085
3170	9.57082
3172	9.57053
3174	9.57042
3176	9.57009
3178	9.57067
3180	9.57024
3182	9.5704
3184	9.56962
3186	9.56621
3188	9.5594
3190	9.55097
3192	9.54062
3194	9.53108
3196	9.52439
3198	9.52051
3200	9.51967
3202	9.51997
3204	9.522
3206	9.52463
3208	9.52862
3210	9.53155
3212	9.53489
3214	9.53931
3216	9.54259
3218	9.54591
3220	9.54983
3222	9.55258
3224	9.55411
3226	9.55629
3228	9.55831
3230	9.55967
3232	9.56113
3234	9.56155
3236	9.56215
3238	9.56431
3240	9.5652
3242	9.56521
3244	9.566
3246	9.5667
3248	9.56759
3250	9.56726
3252	9.56714
3254	9.56655
3256	9.56645
3258	9.56788
3260	9.56802
3262	9.56728
3264	9.56743
3266	9.56808
3268	9.56794
3270	9.56835
3272	9.56921
3274	9.56894
3276	9.56898
3278	9.5681
3280	9.56797
3282	9.56844
3284	9.56904
3286	9.56892
3288	9.56857
3290	9.56843
3292	9.56798
3294	9.56847
3296	9.56907
3298	9.56911
3300	9.56934
3302	9.56998
3304	9.56961
3306	9.56987
3308	9.57013
3310	9.57054
3312	9.56998
3314	9.56812
3316	9.56821
3318	9.56927
3320	9.56964
3322	9.56972
3324	9.57029
3326	9.56994
3328	9.56954
3330	9.5698
3332	9.56977
3334	9.56898
3336	9.56977
3338	9.56949
3340	9.56925
3342	9.56964
3344	9.57
3346	9.56997
3348	9.5701
3350	9.56976
3352	9.56926
3354	9.56828
3356	9.56867
3358	9.56888
3360	9.5692
3362	9.56949
3364	9.56966
3366	9.56793
3368	9.56802
3370	9.56833
3372	9.56968
3374	9.56964
3376	9.56893
3378	9.5684
3380	9.56869
3382	9.56912
3384	9.56903
3386	9.56859
3388	9.56877
3390	9.56888
3392	9.56824
3394	9.56886
3396	9.56831
3398	9.56888
3400	9.56917
3402	9.56875
3404	9.56891
3406	9.56868
3408	9.56841
3410	9.56885
3412	9.56918
3414	9.56952
3416	9.5693
3418	9.56826
3420	9.56771
3422	9.56846
3424	9.5687
3426	9.56529
3428	9.55939
3430	9.55141
3432	9.54157
3434	9.53312
3436	9.52765
3438	9.52603
3440	9.52537
3442	9.52612
3444	9.52778
3446	9.53122
3448	9.53535
3450	9.53927
3452	9.54312
3454	9.5461
3456	9.54938
3458	9.55153
3460	9.55354
3462	9.55474
3464	9.55638
3466	9.55778
3468	9.56065
3470	9.56179
3472	9.56187
3474	9.56273
3476	9.56365
3478	9.5633
3480	9.56431
3482	9.56548
3484	9.56491
3486	9.5643
3488	9.5638
3490	9.56391
3492	9.56552
3494	9.56634
3496	9.56667
3498	9.56716
3500	9.56696
3502	9.56662
3504	9.56644
3506	9.56805
3508	9.5686
3510	9.56796
3512	9.56834
3514	9.56842
3516	9.56812
3518	9.56894
3520	9.56851
3522	9.56822
3524	9.56772
3526	9.56788
3528	9.56808
3530	9.56841
3532	9.56819
3534	9.56759
3536	9.56684
3538	9.56756
3540	9.56735
3542	9.56723
3544	9.56755
3546	9.56807
3548	9.56857
3550	9.5682
3552	9.5682
3554	9.56809
3556	9.56875
3558	9.56915
3560	9.56915
3562	9.5696
3564	9.56873
3566	9.56834
3568	9.56871
3570	9.56866
3572	9.56849
3574	9.56819
3576	9.5677
3578	9.56748
3580	9.56803
3582	9.56829
3584	9.56773
3586	9.56757
3588	9.56709
3590	9.56647
3592	9.56698
3594	9.56709
3596	9.56682
3598	9.56732
3600	9.56806
3602	9.56831
3604	9.56834
3606	9.56814
3608	9.56923
3610	9.57033
3612	9.56986
3614	9.5693
3616	9.56865
3618	9.56879
3620	9.56952
3622	9.57007
3624	9.56913
3626	9.56888
3628	9.56813
3630	9.56786
3632	9.5679
3634	9.56727
3636	9.56782
3638	9.56787
3640	9.56797
3642	9.5686
3644	9.56837
3646	9.56786
3648	9.56863
3650	9.56842
3652	9.56765
3654	9.56807
3656	9.56805
3658	9.56745
3660	9.56688
3662	9.56754
3664	9.56786
3666	9.56462
3668	9.55862
3670	9.55175
3672	9.54394
3674	9.53612
3676	9.53189
3678	9.5312
3680	9.53208
3682	9.53378
3684	9.5362
3686	9.53995
3688	9.54219
3690	9.5454
3692	9.54799
3694	9.54927
3696	9.55163
3698	9.55305
3700	9.55592
3702	9.55924
3704	9.56031
3706	9.561
3708	9.56152
3710	9.56237
3712	9.56309
3714	9.56265
3716	9.56353
3718	9.56405
3720	9.56533
3722	9.56584
3724	9.56563
3726	9.56483
3728	9.56419
3730	9.56387
3732	9.56489
3734	9.56547
3736	9.56629
3738	9.56566
3740	9.56459
3742	9.56419
3744	9.56395
3746	9.56406
3748	9.56497
3750	9.56495
3752	9.56448
3754	9.56536
3756	9.56563
3758	9.56575
3760	9.56467
3762	9.5645
3764	9.5647
3766	9.56479
3768	9.56546
3770	9.5654
3772	9.56541
3774	9.56595
3776	9.56583
3778	9.56556
3780	9.56464
3782	9.5645
3784	9.56453
3786	9.56495
3788	9.56542
3790	9.56564
3792	9.56513
3794	9.56517
3796	9.56551
3798	9.56564
3800	9.56576
3802	9.56475
3804	9.56406
3806	9.56511
3808	9.56612
3810	9.56656
3812	9.56671
3814	9.56698
3816	9.56582
3818	9.56517
3820	9.56529
3822	9.56549
3824	9.56599
3826	9.56527
3828	9.56475
3830	9.56402
3832	9.5649
3834	9.56607
3836	9.56552
3838	9.56482
3840	9.56454
3842	9.56481
3844	9.56496
3846	9.56531
3848	9.56589
3850	9.56634
3852	9.56647
3854	9.56581
3856	9.56601
3858	9.566
3860	9.56591
3862	9.56599
3864	9.56559
3866	9.56494
3868	9.56513
3870	9.56527
3872	9.56462
3874	9.56439
3876	9.56405
3878	9.56371
3880	9.56298
3882	9.56324
3884	9.56313
3886	9.56284
3888	9.56315
3890	9.56392
3892	9.56475
3894	9.56438
3896	9.56528
3898	9.56512
3900	9.56494
3902	9.56529
3904	9.56584
3906	9.56438
3908	9.55854
3910	9.55157
3912	9.5445
3914	9.53901
3916	9.53589
3918	9.53416
3920	9.53296
3922	9.53444
3924	9.53687
3926	9.53827
3928	9.54025
3930	9.54175
3932	9.544
3934	9.54573
3936	9.54748
3938	9.54861
3940	9.54958
3942	9.55061
3944	9.55182
3946	9.55256
3948	9.55357
3950	9.55513
3952	9.5562
3954	9.55658
3956	9.55739
3958	9.55787
3960	9.55859
3962	9.55878
3964	9.55842
3966	9.55816
3968	9.5586
3970	9.55873
3972	9.55881
3974	9.55884
3976	9.55864
3978	9.5597
3980	9.55944
3982	9.55904
3984	9.5593
3986	9.5591
3988	9.5592
3990	9.55951
3992	9.5589
3994	9.55907
3996	9.55981
3998	9.56038
4000	9.56032
4002	9.56031
4004	9.56077
4006	9.56115
4008	9.56103
4010	9.5608
4012	9.56114
4014	9.56125
4016	9.56035
4018	9.55966
4020	9.56003
4022	9.55981
4024	9.5606
4026	9.56102
4028	9.55969
4030	9.55953
4032	9.55983
4034	9.56004
4036	9.55991
4038	9.56002
4040	9.56
4042	9.56045
4044	9.56106
4046	9.5613
4048	9.56024
4050	9.55952
4052	9.55974
4054	9.55892
4056	9.55845
4058	9.55937
4060	9.55997
4062	9.56061
4064	9.56069
4066	9.56146
4068	9.56166
4070	9.56168
4072	9.55999
4074	9.55985
4076	9.56002
4078	9.56047
4080	9.56095
4082	9.55942
4084	9.56066
4086	9.56038
4088	9.55971
4090	9.5594
4092	9.55911
4094	9.55981
4096	9.55995
4098	9.55995
4100	9.56084
4102	9.56096
4104	9.56197
4106	9.5624
4108	9.56148
4110	9.56057
4112	9.56028
4114	9.56003
4116	9.55983
4118	9.55911
4120	9.55998
4122	9.56058
4124	9.56109
4126	9.56067
4128	9.5607
4130	9.5612
4132	9.56089
4134	9.56024
4136	9.56103
4138	9.5616
4140	9.56113
4142	9.56022
4144	9.55953
4146	9.55667
4148	9.55259
4150	9.53984
4152	9.51775
4154	9.49233
4156	9.47231
4158	9.45899
4160	9.44855
4162	9.4396
4164	9.4323
4166	9.42734
4168	9.42288
4170	9.41934
4172	9.4157
4174	9.41188
4176	9.40961
4178	9.40697
4180	9.40523
4182	9.40427
4184	9.40348
4186	9.40237
4188	9.4009
4190	9.39942
4192	9.39817
4194	9.39882
4196	9.39874
4198	9.39874
4200	9.39727
4202	9.39672
4204	9.39664
4206	9.39533
4208	9.39496
4210	9.39504
4212	9.39559
4214	9.39562
4216	9.39538
4218	9.39508
4220	9.3962
4222	9.39679
4224	9.39627
4226	9.39561
4228	9.39614
4230	9.39565
4232	9.39677
4234	9.39793
4236	9.3978
4238	9.39775
4240	9.39697
4242	9.39669
4244	9.39767
4246	9.39783
4248	9.39654
4250	9.39606
4252	9.39644
4254	9.39729
4256	9.39761
4258	9.39708
4260	9.3976
4262	9.3979
4264	9.39863
4266	9.39911
4268	9.39947
4270	9.39927
4272	9.39851
4274	9.39806
4276	9.39918
4278	9.40081
4280	9.40075
4282	9.40096
4284	9.40058
4286	9.40068
4288	9.40089
4290	9.40019
4292	9.39978
4294	9.40005
4296	9.40072
4298	9.40054
4300	9.4001
4302	9.39962
4304	9.39996
4306	9.39953
4308	9.39894
4310	9.39885
4312	9.39973
4314	9.40111
4316	9.40155
4318	9.40236
4320	9.40245
4322	9.40198
4324	9.40121
4326	9.40111
4328	9.40191
4330	9.40203
4332	9.40175
4334	9.40138
4336	9.40099
4338	9.40057
4340	9.40129
4342	9.40161
4344	9.40137
4346	9.40172
4348	9.4018
4350	9.40141
4352	9.40089
4354	9.40051
4356	9.40018
4358	9.40176
4360	9.40172
4362	9.40184
4364	9.4022
4366	9.40239
4368	9.4027
4370	9.4023
4372	9.40253
4374	9.4029
4376	9.40312
4378	9.40362
4380	9.40465
4382	9.405
4384	9.40434
4386	9.40186
4388	9.39639
4390	9.39019
4392	9.38477
4394	9.37951
4396	9.37761
4398	9.37774
4400	9.37885
4402	9.37999
4404	9.38208
4406	9.38421
4408	9.38697
4410	9.3891
4412	9.39062
4414	9.39334
4416	9.39521
4418	9.39654
4420	9.3985
4422	9.39977
4424	9.40104
4426	9.40203
4428	9.40221
4430	9.40192
4432	9.40297
4434	9.4042
4436	9.40447
4438	9.40459
4440	9.4048
4442	9.40451
4444	9.40574
4446	9.40714
4448	9.40798
4450	9.40902
4452	9.40929
4454	9.40812
4456	9.40791
4458	9.4078
4460	9.40838
4462	9.40946
4464	9.41007
4466	9.4103
4468	9.41044
4470	9.4103
4472	9.40998
4474	9.41203
4476	9.41154
4478	9.41152
4480	9.41227
4482	9.41198
4484	9.4127
4486	9.41365
4488	9.4133
4490	9.41309
4492	9.41314
4494	9.41419
4496	9.41307
4498	9.41298
4500	9.41408
4502	9.41481
4504	9.4138
4506	9.41374
4508	9.41371
4510	9.41428
4512	9.41498
4514	9.41566
4516	9.41661
4518	9.41697
4520	9.41662
4522	9.41586
4524	9.4174
4526	9.41826
4528	9.41857
4530	9.41819
4532	9.41854
4534	9.41883
4536	9.41893
4538	9.41987
4540	9.4202
4542	9.41929
4544	9.41921
4546	9.42088
4548	9.42083
4550	9.42092
4552	9.42047
4554	9.42019
4556	9.42033
4558	9.42064
4560	9.42089
4562	9.42004
4564	9.41999
4566	9.41979
4568	9.42109
4570	9.42213
4572	9.42223
4574	9.42252
4576	9.42232
4578	9.42265
4580	9.42268
4582	9.42256
4584	9.42229
4586	9.4231
4588	9.42394
4590	9.42458
4592	9.42455
4594	9.42549
4596	9.42523
4598	9.42524
4600	9.4245
4602	9.42426
4604	9.4243
4606	9.42469
4608	9.42455
4610	9.42433
4612	9.42459
4614	9.42534
4616	9.42649
4618	9.42588
4620	9.42353
4622	9.42218
4624	9.42136
4626	9.41924
4628	9.41426
4630	9.40931
4632	9.40466
4634	9.401
4636	9.39938
4638	9.40082
4640	9.40268
4642	9.40392
4644	9.40541
4646	9.40715
4648	9.40889
4650	9.41115
4652	9.41338
4654	9.41508
4656	9.41669
4658	9.41706
4660	9.41855
4662	9.41981
4664	9.42137
4666	9.42237
4668	9.42441
4670	9.42587
4672	9.42646
4674	9.42664
4676	9.42693
4678	9.42723
4680	9.4274
4682	9.42623
4684	9.42663
4686	9.42712
4688	9.42835
4690	9.42817
4692	9.42881
4694	9.42949
4696	9.42947
4698	9.42905
4700	9.42907
4702	9.42956
4704	9.42919
4706	9.42945
4708	9.42933
4710	9.4299
4712	9.43081
4714	9.43107
4716	9.43013
4718	9.43074
4720	9.43112
4722	9.43086
4724	9.43184
4726	9.43211
4728	9.43267
4730	9.43313
4732	9.43263
4734	9.43235
4736	9.43237
4738	9.43238
4740	9.43296
4742	9.43337
4744	9.43424
4746	9.43494
4748	9.43466
4750	9.43543
4752	9.43549
4754	9.43547
4756	9.43506
4758	9.43509
4760	9.43567
4762	9.43516
4764	9.43534
4766	9.43648
4768	9.43675
4770	9.43708
4772	9.43826
4774	9.43907
4776	9.43779
4778	9.43697
4780	9.437
4782	9.43792
4784	9.43834
4786	9.43932
4788	9.43981
4790	9.43976
4792	9.43974
4794	9.43993
4796	9.44101
4798	9.44086
4800	9.44073
4802	9.44111
4804	9.44103
4806	9.44079
4808	9.44179
4810	9.44174
4812	9.44088
4814	9.44032
4816	9.44042
4818	9.44075
4820	9.44087
4822	9.44082
4824	9.44113
4826	9.44159
4828	9.44205
4830	9.44187
4832	9.44294
4834	9.44343
4836	9.44367
4838	9.44476
4840	9.44546
4842	9.44518
4844	9.44486
4846	9.44498
4848	9.44483
4850	9.44452
4852	9.44482
4854	9.44658
4856	9.44686
4858	9.44667
4860	9.44558
4862	9.44546
4864	9.44586
4866	9.44426
4868	9.43999
4870	9.43592
4872	9.43175
4874	9.4266
4876	9.42339
4878	9.42394
4880	9.42581
4882	9.42788
4884	9.42963
4886	9.43182
4888	9.43422
4890	9.43646
4892	9.43717
4894	9.43816
4896	9.44005
4898	9.44172
4900	9.44205
4902	9.44391
4904	9.44487
4906	9.44473
4908	9.44562
4910	9.44682
4912	9.44859
4914	9.45033
4916	9.45038
4918	9.44907
4920	9.44897
4922	9.45213
4924	9.45827
4926	9.46578
4928	9.47392
4930	9.48164
4932	9.48866
4934	9.49663
4936	9.50273
4938	9.50854
4940	9.51379
4942	9.51769
4944	9.5221
4946	9.5262
4948	9.53028
4950	9.53305
4952	9.53651
4954	9.53842
4956	9.54097
4958	9.54271
4960	9.54473
4962	9.54617
4964	9.54689
4966	9.5483
4968	9.54992
4970	9.55119
4972	9.55244
4974	9.55338
4976	9.55447
4978	9.55534
4980	9.55569
4982	9.55589
4984	9.55617
4986	9.55564
4988	9.55681
4990	9.55816
4992	9.5582
4994	9.55848
4996	9.55906
4998	9.55962
5000	9.56007
5002	9.56072
5004	9.56056
5006	9.56084
5008	9.5607
5010	9.56143
5012	9.56148
5014	9.56225
5016	9.56249
5018	9.56216
5020	9.56243
5022	9.5624
5024	9.56221
5026	9.56194
5028	9.56081
5030	9.56106
5032	9.56199
5034	9.56221
5036	9.5627
5038	9.56339
5040	9.56273
5042	9.56274
5044	9.56218
5046	9.56222
5048	9.56254
5050	9.56179
5052	9.56134
5054	9.56247
5056	9.56316
5058	9.56278
5060	9.56182
5062	9.56234
5064	9.56245
5066	9.56309
5068	9.56382
5070	9.56329
5072	9.56325
5074	9.56353
5076	9.56399
5078	9.56407
5080	9.56384
5082	9.56328
5084	9.56262
5086	9.5619
5088	9.56189
5090	9.5633
5092	9.56377
5094	9.56374
5096	9.56283
5098	9.56279
5100	9.56347
5102	9.56338
