time	cp
2	9.43773
4	9.43787
6	9.43812
8	9.43826
10	9.4381
12	9.43763
14	9.43821
16	9.43778
18	9.4375
20	9.43703
22	9.43713
24	9.43706
26	9.43712
28	9.43742
30	9.43699
32	9.438
34	9.43796
36	9.43698
38	9.43635
40	9.43707
42	9.43712
44	9.43776
46	9.43789
48	9.4375
50	9.43737
52	9.43722
54	9.43649
56	9.43498
58	9.43526
60	9.43548
62	9.43554
64	9.43457
66	9.43484
68	9.43521
70	9.43488
72	9.43407
74	9.43422
76	9.43477
78	9.43435
80	9.43552
82	9.43612
84	9.43581
86	9.43627
88	9.43722
90	9.43774
92	9.43757
94	9.43697
96	9.4368
98	9.43672
100	9.43696
102	9.43638
104	9.43615
106	9.43642
108	9.43522
110	9.4348
112	9.43567
114	9.43672
116	9.4364
118	9.43578
120	9.43602
122	9.43544
124	9.43581
126	9.43599
128	9.436
130	9.4366
132	9.43638
134	9.43553
136	9.43549
138	9.43531
140	9.43507
142	9.43517
144	9.43606
146	9.43587
148	9.4359
150	9.43561
152	9.4349
154	9.43544
156	9.43413
158	9.43376
160	9.43484
162	9.4359
164	9.43575
166	9.43637
168	9.43749
170	9.4376
172	9.43689
174	9.43688
176	9.43749
178	9.4367
180	9.43579
182	9.43537
184	9.43463
186	9.4349
188	9.43494
190	9.43619
192	9.43661
194	9.43641
196	9.43655
198	9.43683
200	9.43588
202	9.43561
204	9.43508
206	9.43434
208	9.43392
210	9.43365
212	9.43372
214	9.43475
216	9.43503
218	9.43604
220	9.43614
222	9.43535
224	9.43602
226	9.43617
228	9.43653
230	9.4375
232	9.43757
234	9.43705
236	9.43573
238	9.43529
240	9.43572
242	9.4362
244	9.4364
246	9.437
248	9.43766
250	9.43785
252	9.4389
254	9.43891
256	9.43821
258	9.43787
260	9.43778
262	9.43745
264	9.43672
266	9.4358
268	9.43456
270	9.43523
272	9.43614
274	9.43644
276	9.43582
278	9.43544
280	9.43485
282	9.43557
284	9.43615
286	9.43665
288	9.43689
290	9.43686
292	9.4366
294	9.43674
296	9.4367
298	9.43709
300	9.43691
302	9.43546
304	9.43483
306	9.42954
308	9.39176
310	9.30508
312	9.17327
314	9.00375
316	8.81468
318	8.62611
320	8.44787
322	8.2866
324	8.14846
326	8.04121
328	7.9763
330	7.95225
332	7.96353
334	8.00451
336	8.06575
338	8.13864
340	8.21863
342	8.30041
344	8.37927
346	8.45414
348	8.52528
350	8.58876
352	8.64655
354	8.69983
356	8.75051
358	8.79917
360	8.8458
362	8.8898
364	8.93091
366	8.97104
368	9.00914
370	9.04455
372	9.07755
374	9.10738
376	9.13594
378	9.16237
380	9.18551
382	9.20752
384	9.22768
386	9.24577
388	9.26306
390	9.278
392	9.29175
394	9.30386
396	9.31386
398	9.32478
400	9.3339
402	9.34271
404	9.35068
406	9.35787
408	9.36346
410	9.37016
412	9.3756
414	9.37952
416	9.38323
418	9.3883
420	9.39244
422	9.39505
424	9.39815
426	9.40121
428	9.40456
430	9.40705
432	9.40942
434	9.41108
436	9.4126
438	9.41458
440	9.41631
442	9.41834
444	9.41942
446	9.42037
448	9.42288
450	9.42456
452	9.42569
454	9.42709
456	9.42912
458	9.4301
460	9.43073
462	9.43118
464	9.43183
466	9.4316
468	9.43197
470	9.43306
472	9.43323
474	9.43307
476	9.43433
478	9.43411
480	9.43365
482	9.43481
484	9.43552
486	9.43591
488	9.43684
490	9.43811
492	9.43768
494	9.43825
496	9.43911
498	9.43873
500	9.43779
502	9.43738
504	9.43699
506	9.43686
508	9.43776
510	9.43835
512	9.43939
514	9.43984
516	9.43979
518	9.44054
520	9.44128
522	9.44173
524	9.44171
526	9.44223
528	9.44101
530	9.44083
532	9.44177
534	9.44216
536	9.44192
538	9.44084
540	9.44096
542	9.44124
544	9.44141
546	9.43734
548	9.41229
550	9.36143
552	9.28551
554	9.18783
556	9.08174
558	8.97597
560	8.87679
562	8.79247
564	8.72424
566	8.67642
568	8.65395
570	8.65232
572	8.66739
574	8.69367
576	8.72892
578	8.76642
580	8.80491
582	8.84109
584	8.87478
586	8.90625
588	8.93317
590	8.95755
592	8.98082
594	9.00174
596	9.02155
598	9.04214
600	9.06078
602	9.08089
604	9.10079
606	9.12071
608	9.13982
610	9.15866
612	9.17712
614	9.19494
616	9.21163
618	9.22695
620	9.24203
622	9.2577
624	9.27216
626	9.28611
628	9.2977
630	9.30714
632	9.31533
634	9.32313
636	9.33211
638	9.34037
640	9.34798
642	9.35494
644	9.36162
646	9.3672
648	9.37341
650	9.37927
652	9.38296
654	9.38653
656	9.38941
658	9.39272
660	9.39633
662	9.39992
664	9.40328
666	9.40717
668	9.40906
670	9.41069
672	9.41283
674	9.41579
676	9.41788
678	9.41946
680	9.42105
682	9.42249
684	9.42366
686	9.42451
688	9.42609
690	9.42826
692	9.42938
694	9.42921
696	9.42853
698	9.43124
700	9.43286
702	9.43433
704	9.43445
706	9.43489
708	9.43527
710	9.43578
712	9.43681
714	9.43724
716	9.43839
718	9.43903
720	9.43943
722	9.44021
724	9.44043
726	9.4419
728	9.44209
730	9.44142
732	9.44107
734	9.44195
736	9.44309
738	9.44414
740	9.44415
742	9.44416
744	9.44392
746	9.44403
748	9.44434
750	9.44537
752	9.44572
754	9.44563
756	9.44612
758	9.44655
760	9.44717
762	9.44753
764	9.44735
766	9.44641
768	9.44576
770	9.44621
772	9.44723
774	9.44626
776	9.44405
778	9.44407
780	9.44588
782	9.44777
784	9.44796
786	9.44439
788	9.43159
790	9.41146
792	9.38256
794	9.34563
796	9.30576
798	9.2672
800	9.2329
802	9.2043
804	9.1827
806	9.1699
808	9.16804
810	9.17189
812	9.18032
814	9.19291
816	9.20643
818	9.22077
820	9.23566
822	9.25057
824	9.26278
826	9.27311
828	9.28249
830	9.29145
832	9.29936
834	9.30686
836	9.31294
838	9.31919
840	9.32574
842	9.3332
844	9.34128
846	9.34969
848	9.35621
850	9.36268
852	9.36927
854	9.37553
856	9.37987
858	9.38548
860	9.3912
862	9.39554
864	9.39933
866	9.40255
868	9.40571
870	9.40984
872	9.41279
874	9.41514
876	9.41755
878	9.42034
880	9.42278
882	9.42486
884	9.42789
886	9.43026
888	9.43197
890	9.43333
892	9.43458
894	9.43554
896	9.4364
898	9.43764
900	9.43802
902	9.43811
904	9.43923
906	9.44027
908	9.44165
910	9.44346
912	9.44492
914	9.44426
916	9.44379
918	9.44428
920	9.44545
922	9.44597
924	9.44737
926	9.44881
928	9.44846
930	9.4484
932	9.44804
934	9.44827
936	9.4494
938	9.44959
940	9.44972
942	9.44981
944	9.45103
946	9.45204
948	9.4521
950	9.45243
952	9.45233
954	9.45197
956	9.45148
958	9.45135
960	9.45157
962	9.45242
964	9.45358
966	9.4536
968	9.45367
970	9.45399
972	9.45423
974	9.45467
976	9.45433
978	9.45439
980	9.45451
982	9.45498
984	9.45507
986	9.4539
988	9.4542
990	9.45546
992	9.45502
994	9.45529
996	9.4562
998	9.45641
1000	9.45597
1002	9.4556
1004	9.45529
1006	9.45543
1008	9.45509
1010	9.45518
1012	9.45617
1014	9.45662
1016	9.45672
1018	9.45681
1020	9.4568
1022	9.45663
1024	9.45781
1026	9.45546
1028	9.44672
1030	9.43604
1032	9.42239
1034	9.40555
1036	9.38914
1038	9.37313
1040	9.36028
1042	9.34998
1044	9.34259
1046	9.33939
1048	9.34029
1050	9.34473
1052	9.3503
1054	9.35667
1056	9.36367
1058	9.36941
1060	9.37639
1062	9.38342
1064	9.38796
1066	9.39267
1068	9.3981
1070	9.40261
1072	9.40566
1074	9.40903
1076	9.41193
1078	9.41502
1080	9.41675
1082	9.41952
1084	9.42349
1086	9.4261
1088	9.42866
1090	9.43085
1092	9.43327
1094	9.43525
1096	9.43757
1098	9.43916
1100	9.43976
1102	9.44219
1104	9.44377
1106	9.44511
1108	9.44668
1110	9.44759
1112	9.44862
1114	9.44914
1116	9.44985
1118	9.45074
1120	9.45122
1122	9.45326
1124	9.45436
1126	9.45446
1128	9.45412
1130	9.4538
1132	9.45504
1134	9.45562
1136	9.45657
1138	9.4572
1140	9.45786
1142	9.4587
1144	9.45838
1146	9.45798
1148	9.4575
1150	9.45803
1152	9.45884
1154	9.45918
1156	9.45913
1158	9.45977
1160	9.45972
1162	9.45948
1164	9.45981
1166	9.45994
1168	9.45952
1170	9.45878
1172	9.45899
1174	9.45991
1176	9.46047
1178	9.46077
1180	9.46033
1182	9.46087
1184	9.46087
1186	9.45996
1188	9.45991
1190	9.46013
1192	9.46094
1194	9.46173
1196	9.46297
1198	9.4635
1200	9.46299
1202	9.46205
1204	9.46265
1206	9.46317
1208	9.46302
1210	9.46321
1212	9.46283
1214	9.46189
1216	9.46236
1218	9.46284
1220	9.46304
1222	9.4636
1224	9.46373
1226	9.46379
1228	9.46361
1230	9.46424
1232	9.46415
1234	9.46335
1236	9.46355
1238	9.46439
1240	9.46414
1242	9.4633
1244	9.46369
1246	9.46275
1248	9.46277
1250	9.46339
1252	9.46319
1254	9.46393
1256	9.46476
1258	9.46467
1260	9.46406
1262	9.46414
1264	9.46458
1266	9.46392
1268	9.45685
1270	9.44874
1272	9.44213
1274	9.43433
1276	9.42583
1278	9.41783
1280	9.4101
1282	9.40319
1284	9.39759
1286	9.39547
1288	9.39899
1290	9.40288
1292	9.40676
1294	9.41182
1296	9.41705
1298	9.41997
1300	9.42293
1302	9.42637
1304	9.42915
1306	9.4323
1308	9.43575
1310	9.4381
1312	9.43992
1314	9.44143
1316	9.44389
1318	9.44602
1320	9.44633
1322	9.44838
1324	9.44999
1326	9.45065
1328	9.45125
1330	9.45222
1332	9.45362
1334	9.45486
1336	9.45536
1338	9.45662
1340	9.45728
1342	9.45818
1344	9.45904
1346	9.45995
1348	9.46038
1350	9.46141
1352	9.46178
1354	9.46303
1356	9.4634
1358	9.46376
1360	9.46316
1362	9.46438
1364	9.46611
1366	9.46604
1368	9.46633
1370	9.46667
1372	9.46624
1374	9.46748
1376	9.46733
1378	9.46741
1380	9.46718
1382	9.46667
1384	9.46557
1386	9.46568
1388	9.46605
1390	9.46629
1392	9.46802
1394	9.46846
1396	9.46854
1398	9.46833
1400	9.46824
1402	9.46749
1404	9.46801
1406	9.46897
1408	9.46885
1410	9.4694
1412	9.46977
1414	9.46955
1416	9.4711
1418	9.47142
1420	9.47107
1422	9.46946
1424	9.46862
1426	9.46972
1428	9.46936
1430	9.46924
1432	9.47007
1434	9.47032
1436	9.47103
1438	9.47085
1440	9.47
1442	9.47088
1444	9.47026
1446	9.46994
1448	9.47022
1450	9.4706
1452	9.47229
1454	9.47192
1456	9.4715
1458	9.47129
1460	9.47127
1462	9.47096
1464	9.47111
1466	9.47068
1468	9.47045
1470	9.47013
1472	9.47039
1474	9.47055
1476	9.47072
1478	9.47083
1480	9.47149
1482	9.4715
1484	9.47161
1486	9.4734
1488	9.47309
1490	9.47279
1492	9.47224
1494	9.47173
1496	9.47181
1498	9.47188
1500	9.47129
1502	9.47125
1504	9.4719
1506	9.4707
1508	9.46563
1510	9.45874
1512	9.45276
1514	9.44694
1516	9.44234
1518	9.43774
1520	9.43361
1522	9.42861
1524	9.42493
1526	9.42486
1528	9.42894
1530	9.43402
1532	9.4367
1534	9.43904
1536	9.4425
1538	9.44532
1540	9.44693
1542	9.44881
1544	9.45023
1546	9.45199
1548	9.45288
1550	9.45365
1552	9.45519
1554	9.45857
1556	9.4613
1558	9.46253
1560	9.46308
1562	9.46343
1564	9.46438
1566	9.46514
1568	9.46526
1570	9.46646
1572	9.46668
1574	9.46636
1576	9.46674
1578	9.46725
1580	9.46827
1582	9.46945
1584	9.47099
1586	9.47158
1588	9.472
1590	9.47207
1592	9.47176
1594	9.47259
1596	9.47252
1598	9.47289
1600	9.47321
1602	9.47301
1604	9.47292
1606	9.47397
1608	9.47394
1610	9.47371
1612	9.47365
1614	9.47399
1616	9.47313
1618	9.47283
1620	9.47359
1622	9.47445
1624	9.47468
1626	9.47498
1628	9.47503
1630	9.47516
1632	9.47476
1634	9.47499
1636	9.47519
1638	9.47513
1640	9.47645
1642	9.47695
1644	9.47654
1646	9.47661
1648	9.47738
1650	9.47765
1652	9.47826
1654	9.47908
1656	9.47847
1658	9.4783
1660	9.47701
1662	9.47637
1664	9.47634
1666	9.47715
1668	9.47771
1670	9.47679
1672	9.47603
1674	9.47621
1676	9.4764
1678	9.47604
1680	9.47664
1682	9.47736
1684	9.4764
1686	9.47592
1688	9.47692
1690	9.47749
1692	9.47781
1694	9.47805
1696	9.47835
1698	9.47798
1700	9.47723
1702	9.47765
1704	9.47763
1706	9.47851
1708	9.47859
1710	9.47883
1712	9.47838
1714	9.47878
1716	9.47986
1718	9.48128
1720	9.48042
1722	9.47921
1724	9.48
1726	9.48041
1728	9.48058
1730	9.48056
1732	9.47983
1734	9.47919
1736	9.47817
1738	9.4777
1740	9.47815
1742	9.47882
1744	9.47897
1746	9.4771
1748	9.47144
1750	9.46585
1752	9.46185
1754	9.45836
1756	9.45496
1758	9.45197
1760	9.44911
1762	9.44681
1764	9.44483
1766	9.44466
1768	9.44717
1770	9.4506
1772	9.4544
1774	9.45738
1776	9.45945
1778	9.46201
1780	9.46497
1782	9.46621
1784	9.46764
1786	9.46803
1788	9.46881
1790	9.4698
1792	9.47018
1794	9.47086
1796	9.4711
1798	9.47156
1800	9.47333
1802	9.47518
1804	9.47551
1806	9.4752
1808	9.47592
1810	9.47653
1812	9.47761
1814	9.47903
1816	9.47892
1818	9.47939
1820	9.4789
1822	9.47841
1824	9.47794
1826	9.47873
1828	9.47901
1830	9.47933
1832	9.48003
1834	9.47996
1836	9.47956
1838	9.47999
1840	9.47997
1842	9.48
1844	9.48024
1846	9.48064
1848	9.48049
1850	9.48145
1852	9.4829
1854	9.48353
1856	9.48317
1858	9.48371
1860	9.48377
1862	9.48414
1864	9.48354
1866	9.48243
1868	9.48194
1870	9.4809
1872	9.48065
1874	9.48156
1876	9.48276
1878	9.48319
1880	9.48309
1882	9.48273
1884	9.4824
1886	9.4826
1888	9.48307
1890	9.48386
1892	9.4847
1894	9.48465
1896	9.4843
1898	9.48368
1900	9.48424
1902	9.48419
1904	9.48452
1906	9.48349
1908	9.48342
1910	9.48311
1912	9.48386
1914	9.4852
1916	9.48514
1918	9.48527
1920	9.48532
1922	9.48532
1924	9.48457
1926	9.48396
1928	9.48431
1930	9.48485
1932	9.48496
1934	9.48593
1936	9.48666
1938	9.48748
1940	9.48685
1942	9.48652
1944	9.48645
1946	9.48621
1948	9.48591
1950	9.4858
1952	9.48512
1954	9.48466
1956	9.48482
1958	9.48531
1960	9.48467
1962	9.48483
1964	9.48474
1966	9.48606
1968	9.48678
1970	9.48583
1972	9.4857
1974	9.48616
1976	9.48534
1978	9.48638
1980	9.48695
1982	9.48714
1984	9.48782
1986	9.48698
1988	9.48206
1990	9.47545
1992	9.4713
1994	9.46871
1996	9.46504
1998	9.46185
2000	9.46003
2002	9.45782
2004	9.45644
2006	9.45659
2008	9.4607
2010	9.46537
2012	9.46874
2014	9.47046
2016	9.47193
2018	9.47465
2020	9.47633
2022	9.47733
2024	9.47802
2026	9.47951
2028	9.48111
2030	9.48072
2032	9.4805
2034	9.48051
2036	9.48029
2038	9.48215
2040	9.48324
2042	9.48365
2044	9.48456
2046	9.48519
2048	9.4853
2050	9.48607
2052	9.48652
2054	9.4861
2056	9.48558
2058	9.48597
2060	9.48721
2062	9.48736
2064	9.48687
2066	9.48638
2068	9.48719
2070	9.48818
2072	9.48806
2074	9.48802
2076	9.48805
2078	9.48884
2080	9.48943
2082	9.49002
2084	9.49008
2086	9.4901
2088	9.49034
2090	9.49021
2092	9.48951
2094	9.48999
2096	9.48932
2098	9.48964
2100	9.49009
2102	9.49043
2104	9.49025
2106	9.49056
2108	9.49068
2110	9.49077
2112	9.49015
2114	9.49117
2116	9.49114
2118	9.48953
2120	9.49019
2122	9.49007
2124	9.49012
2126	9.49027
2128	9.49043
2130	9.49119
2132	9.49201
2134	9.49287
2136	9.49271
2138	9.49233
2140	9.49226
2142	9.4915
2144	9.4917
2146	9.49309
2148	9.49226
2150	9.49158
2152	9.49163
2154	9.49112
2156	9.49077
2158	9.49113
2160	9.49222
2162	9.49332
2164	9.49392
2166	9.49342
2168	9.49427
2170	9.49553
2172	9.49531
2174	9.49347
2176	9.49126
2178	9.49105
2180	9.49092
2182	9.49096
2184	9.49199
2186	9.49202
2188	9.49342
2190	9.49412
2192	9.4947
2194	9.49476
2196	9.49452
2198	9.49309
2200	9.4932
2202	9.49386
2204	9.49404
2206	9.49401
2208	9.4927
2210	9.49343
2212	9.49352
2214	9.49417
2216	9.49566
2218	9.49633
2220	9.49503
2222	9.49358
2224	9.49403
2226	9.4935
2228	9.48891
2230	9.48355
2232	9.47844
2234	9.47574
2236	9.47349
2238	9.47096
2240	9.46901
2242	9.46847
2244	9.46762
2246	9.46795
2248	9.47218
2250	9.47563
2252	9.47839
2254	9.481
2256	9.48279
2258	9.48259
2260	9.48307
2262	9.48367
2264	9.48469
2266	9.48639
2268	9.48798
2270	9.48888
2272	9.48876
2274	9.48916
2276	9.48967
2278	9.49012
2280	9.49104
2282	9.49085
2284	9.49158
2286	9.49179
2288	9.49226
2290	9.49229
2292	9.49309
2294	9.49286
2296	9.49352
2298	9.49436
2300	9.49454
2302	9.49424
2304	9.49483
2306	9.49555
2308	9.49547
2310	9.49466
2312	9.49512
2314	9.49539
2316	9.49476
2318	9.49386
2320	9.49443
2322	9.49539
2324	9.49521
2326	9.49489
2328	9.49514
2330	9.49615
2332	9.49668
2334	9.49745
2336	9.49701
2338	9.49617
2340	9.49597
2342	9.49561
2344	9.49576
2346	9.49677
2348	9.49684
2350	9.49666
2352	9.4973
2354	9.49787
2356	9.49841
2358	9.49802
2360	9.49743
2362	9.49632
2364	9.49629
2366	9.49692
2368	9.49743
2370	9.49797
2372	9.49767
2374	9.49831
2376	9.49805
2378	9.49786
2380	9.49849
2382	9.49833
2384	9.49807
2386	9.49818
2388	9.49842
2390	9.49946
2392	9.50033
2394	9.49997
2396	9.49905
2398	9.49931
2400	9.49977
2402	9.49962
2404	9.49979
2406	9.49948
2408	9.49897
2410	9.49913
2412	9.49875
2414	9.49901
2416	9.49878
2418	9.49912
2420	9.49909
2422	9.49824
2424	9.49912
2426	9.49917
2428	9.49973
2430	9.50093
2432	9.50194
2434	9.50137
2436	9.50099
2438	9.50095
2440	9.50014
2442	9.49976
2444	9.4985
2446	9.49809
2448	9.49968
2450	9.50026
2452	9.50018
2454	9.49968
2456	9.49976
2458	9.50016
2460	9.50027
2462	9.50113
2464	9.50122
2466	9.49945
2468	9.4959
2470	9.49067
2472	9.48593
2474	9.48363
2476	9.48265
2478	9.48117
2480	9.48
2482	9.47936
2484	9.47692
2486	9.47734
2488	9.48152
2490	9.4851
2492	9.48756
2494	9.48993
2496	9.49189
2498	9.49197
2500	9.49248
2502	9.49374
2504	9.49499
2506	9.49603
2508	9.49723
2510	9.49729
2512	9.49661
2514	9.49685
2516	9.49717
2518	9.49798
2520	9.49938
2522	9.49996
2524	9.50007
2526	9.50092
2528	9.50204
2530	9.50262
2532	9.50278
2534	9.50228
2536	9.50037
2538	9.50052
2540	9.50095
2542	9.50124
2544	9.50047
2546	9.50014
2548	9.50053
2550	9.50104
2552	9.50089
2554	9.50128
2556	9.50295
2558	9.50408
2560	9.50367
2562	9.5038
2564	9.50456
2566	9.50518
2568	9.50537
2570	9.50508
2572	9.50439
2574	9.50401
2576	9.50425
2578	9.5041
2580	9.5043
2582	9.50501
2584	9.50489
2586	9.50506
2588	9.50531
2590	9.50406
2592	9.50263
2594	9.50281
2596	9.50437
2598	9.50513
2600	9.50536
2602	9.5054
2604	9.50653
2606	9.5061
2608	9.50568
2610	9.50641
2612	9.5062
2614	9.50622
2616	9.50661
2618	9.50632
2620	9.50584
2622	9.50524
2624	9.50473
2626	9.50443
2628	9.50391
2630	9.50404
2632	9.50326
2634	9.50326
2636	9.50421
2638	9.50674
2640	9.50798
2642	9.50832
2644	9.50835
2646	9.5088
2648	9.50894
2650	9.50825
2652	9.50694
2654	9.50649
2656	9.50628
2658	9.50701
2660	9.50636
2662	9.50592
2664	9.50639
2666	9.5071
2668	9.50814
2670	9.50802
2672	9.50755
2674	9.50649
2676	9.50596
2678	9.5056
2680	9.50594
2682	9.50663
2684	9.50759
2686	9.50793
2688	9.50828
2690	9.50816
2692	9.50881
2694	9.50967
2696	9.50918
2698	9.5092
2700	9.50863
2702	9.50848
