DH	INJV	Xt	Mt	XMt	NDH
-0.07623	1	0	0.01	0.05035	-106.17135
-0.40859	10	5.03118E-4	0.00999	0.55576	-56.90648
-0.5673	10	0.00551	0.00992	1.0647	-79.01169
-0.68716	10	0.01049	0.00985	1.57716	-95.70425
-0.47681	10	0.01543	0.00979	2.09316	-66.40778
-0.4731	10	0.02034	0.00972	2.61268	-65.89196
-0.51504	10	0.02521	0.00965	3.13573	-71.73306
-0.57865	10	0.03004	0.00958	3.66231	-80.59215
-0.56563	10	0.03484	0.00951	4.19242	-78.77821
-0.46685	10	0.03961	0.00945	4.72605	-65.02047
-0.58437	10	0.04434	0.00938	5.26322	-81.38812
	--	0.04903	0.00932	--	
