time	cp
2	9.72654
4	9.72611
6	9.72673
8	9.72701
10	9.72687
12	9.72734
14	9.72763
16	9.72741
18	9.72732
20	9.72694
22	9.72666
24	9.72709
26	9.72695
28	9.72594
30	9.72529
32	9.72586
34	9.72656
36	9.72605
38	9.72561
40	9.72589
42	9.72556
44	9.72449
46	9.72378
48	9.72444
50	9.72526
52	9.7249
54	9.72462
56	9.72468
58	9.72509
60	9.72452
62	9.72403
64	9.72439
66	9.72419
68	9.72488
70	9.72463
72	9.72504
74	9.72485
76	9.72396
78	9.72328
80	9.7227
82	9.7223
84	9.72257
86	9.72204
88	9.72309
90	9.72385
92	9.72404
94	9.72389
96	9.72315
98	9.72269
100	9.72241
102	9.72199
104	9.72138
106	9.72087
108	9.72094
110	9.72169
112	9.72178
114	9.72144
116	9.72112
118	9.72075
120	9.72084
122	9.72044
124	9.71972
126	9.71954
128	9.72
130	9.72034
132	9.71942
134	9.71972
136	9.72013
138	9.71983
140	9.72017
142	9.72013
144	9.72006
146	9.71979
148	9.71927
150	9.71941
152	9.71888
154	9.71857
156	9.71832
158	9.7184
160	9.71876
162	9.7178
164	9.71766
166	9.71718
168	9.71744
170	9.7172
172	9.71795
174	9.71835
176	9.71823
178	9.71827
180	9.71855
182	9.71758
184	9.71746
186	9.71679
188	9.71638
190	9.71635
192	9.71658
194	9.7166
196	9.71689
198	9.71746
200	9.71659
202	9.71609
204	9.71672
206	9.71645
208	9.71642
210	9.71645
212	9.71697
214	9.71706
216	9.71603
218	9.71604
220	9.7156
222	9.71566
224	9.71558
226	9.71611
228	9.71598
230	9.71545
232	9.71588
234	9.71562
236	9.71531
238	9.71449
240	9.71491
242	9.71476
244	9.71512
246	9.71505
248	9.71553
250	9.71499
252	9.71521
254	9.7152
256	9.71506
258	9.71474
260	9.71439
262	9.7137
264	9.71352
266	9.71436
268	9.71495
270	9.71425
272	9.71444
274	9.71444
276	9.71417
278	9.71432
280	9.7139
282	9.71277
284	9.71215
286	9.71259
288	9.71311
290	9.71337
292	9.71366
294	9.71305
296	9.7132
298	9.7136
300	9.71246
302	9.71173
304	9.71163
306	9.70998
308	9.70912
310	9.71003
312	9.71123
314	9.71065
316	9.71003
318	9.70966
320	9.71005
322	9.709
324	9.70993
326	9.71017
328	9.7101
330	9.71058
332	9.71009
334	9.71006
336	9.71009
338	9.7103
340	9.71151
342	9.71137
344	9.71025
346	9.71048
348	9.71061
350	9.71054
352	9.71048
354	9.71001
356	9.71067
358	9.71144
360	9.71032
362	9.71053
364	9.71046
366	9.71008
368	9.70972
370	9.70883
372	9.70902
374	9.70976
376	9.71036
378	9.70998
380	9.71061
382	9.71032
384	9.70942
386	9.70953
388	9.71011
390	9.70989
392	9.70928
394	9.70884
396	9.70846
398	9.70746
400	9.70787
402	9.70902
404	9.70963
406	9.70848
408	9.70823
410	9.70867
412	9.70801
414	9.70772
416	9.70851
418	9.70811
420	9.70876
422	9.70868
424	9.70896
426	9.70923
428	9.7089
430	9.70825
432	9.70695
434	9.707
436	9.70671
438	9.70783
440	9.70861
442	9.70914
444	9.70868
446	9.70831
448	9.7077
450	9.70739
452	9.7079
454	9.70772
456	9.70763
458	9.70869
460	9.70839
462	9.70771
464	9.70779
466	9.70837
468	9.7085
470	9.70724
472	9.70635
474	9.70576
476	9.70538
478	9.70538
480	9.70579
482	9.70596
484	9.70538
486	9.70562
488	9.70649
490	9.70604
492	9.70544
494	9.70574
496	9.70574
498	9.70528
500	9.70506
502	9.7048
504	9.70426
506	9.70394
508	9.70486
510	9.7049
512	9.7057
514	9.70546
516	9.705
518	9.70521
520	9.70496
522	9.70515
524	9.70586
526	9.70549
528	9.70529
530	9.70502
532	9.7036
534	9.7029
536	9.70384
538	9.70358
540	9.70308
542	9.70417
544	9.70374
546	9.70093
548	9.69824
550	9.69574
552	9.69338
554	9.6914
556	9.68913
558	9.68723
560	9.68612
562	9.68567
564	9.6853
566	9.68773
568	9.6898
570	9.69113
572	9.69129
574	9.69241
576	9.69385
578	9.69362
580	9.69425
582	9.69576
584	9.69594
586	9.69616
588	9.69624
590	9.6963
592	9.69724
594	9.6987
596	9.69913
598	9.69916
600	9.6983
602	9.69857
604	9.69939
606	9.69972
608	9.69914
610	9.69932
612	9.70049
614	9.70124
616	9.7017
618	9.70204
620	9.70174
622	9.70217
624	9.70155
626	9.70148
628	9.70161
630	9.70027
632	9.70103
634	9.70151
636	9.70157
638	9.70181
640	9.70126
642	9.70139
644	9.70086
646	9.7014
648	9.70122
650	9.70165
652	9.70243
654	9.70183
656	9.70138
658	9.70147
660	9.70179
662	9.70225
664	9.70159
666	9.70154
668	9.70202
670	9.70122
672	9.70082
674	9.70074
676	9.70001
678	9.69993
680	9.70008
682	9.6997
684	9.69883
686	9.69906
688	9.69964
690	9.70048
692	9.70047
694	9.70034
696	9.70003
698	9.70006
700	9.69954
702	9.69935
704	9.69979
706	9.70068
708	9.70027
710	9.69957
712	9.70012
714	9.69951
716	9.69869
718	9.69898
720	9.69952
722	9.69976
724	9.69949
726	9.69951
728	9.69982
730	9.69902
732	9.69875
734	9.69813
736	9.69745
738	9.69827
740	9.69929
742	9.70017
744	9.69934
746	9.69783
748	9.69746
750	9.69829
752	9.6987
754	9.69851
756	9.69854
758	9.69758
760	9.69721
762	9.69771
764	9.69786
766	9.69729
768	9.69694
770	9.69699
772	9.69712
774	9.69722
776	9.69786
778	9.69701
780	9.69676
782	9.69772
784	9.69796
786	9.69386
788	9.68978
790	9.6869
792	9.68486
794	9.68365
796	9.68197
798	9.68115
800	9.68027
802	9.67923
804	9.67926
806	9.68185
808	9.68359
810	9.68445
812	9.68498
814	9.68568
816	9.6868
818	9.68815
820	9.68812
822	9.68856
824	9.68935
826	9.69032
828	9.68976
830	9.6899
832	9.6913
834	9.69227
836	9.6928
838	9.69264
840	9.69293
842	9.69346
844	9.69335
846	9.69357
848	9.69332
850	9.69349
852	9.69394
854	9.69391
856	9.69443
858	9.69539
860	9.69512
862	9.69505
864	9.69422
866	9.69416
868	9.69456
870	9.6961
872	9.69548
874	9.6946
876	9.6944
878	9.69507
880	9.69582
882	9.69477
884	9.69463
886	9.69505
888	9.6952
890	9.69456
892	9.69412
894	9.69397
896	9.69456
898	9.69428
900	9.69434
902	9.69495
904	9.6942
906	9.69316
908	9.69429
910	9.69383
912	9.69331
914	9.69369
916	9.69451
918	9.69463
920	9.69452
922	9.69368
924	9.69374
926	9.69404
928	9.69477
930	9.6942
932	9.6936
934	9.69324
936	9.69326
938	9.69276
940	9.69246
942	9.69233
944	9.69309
946	9.69378
948	9.69401
950	9.69379
952	9.69279
954	9.69358
956	9.69409
958	9.69363
960	9.6931
962	9.69347
964	9.69385
966	9.69381
968	9.69318
970	9.69268
972	9.69273
974	9.69322
976	9.69396
978	9.69333
980	9.69367
982	9.6946
984	9.69359
986	9.69391
988	9.69407
990	9.69329
992	9.69274
994	9.69141
996	9.69095
998	9.69135
1000	9.6919
1002	9.69183
1004	9.69289
1006	9.69286
1008	9.69208
1010	9.69165
1012	9.69248
1014	9.69326
1016	9.69248
1018	9.69192
1020	9.69224
1022	9.69228
1024	9.69163
1026	9.68885
1028	9.68518
1030	9.68284
1032	9.68164
1034	9.67972
1036	9.6778
1038	9.677
1040	9.67606
1042	9.67516
1044	9.67541
1046	9.67679
1048	9.67913
1050	9.68027
1052	9.68106
1054	9.68136
1056	9.68152
1058	9.6823
1060	9.68388
1062	9.68471
1064	9.68419
1066	9.68441
1068	9.68475
1070	9.68506
1072	9.68553
1074	9.68623
1076	9.68742
1078	9.68747
1080	9.68722
1082	9.68707
1084	9.68736
1086	9.68766
1088	9.68771
1090	9.68757
1092	9.68814
1094	9.68883
1096	9.68765
1098	9.68821
1100	9.68861
1102	9.68858
1104	9.68966
1106	9.68921
1108	9.68853
1110	9.69016
1112	9.6894
1114	9.68959
1116	9.69075
1118	9.69007
1120	9.68988
1122	9.69059
1124	9.68996
1126	9.68915
1128	9.68942
1130	9.69018
1132	9.69046
1134	9.69031
1136	9.69035
1138	9.69073
1140	9.69051
1142	9.69105
1144	9.69022
1146	9.68999
1148	9.68962
1150	9.68945
1152	9.68946
1154	9.68876
1156	9.68818
1158	9.68849
1160	9.68921
1162	9.68886
1164	9.68879
1166	9.68884
1168	9.68872
1170	9.68894
1172	9.68825
1174	9.68863
1176	9.68973
1178	9.69012
1180	9.69016
1182	9.68966
1184	9.68939
1186	9.6897
1188	9.6891
1190	9.68882
1192	9.68886
1194	9.68868
1196	9.68962
1198	9.68949
1200	9.68941
1202	9.68902
1204	9.68869
1206	9.6894
1208	9.68921
1210	9.68908
1212	9.68823
1214	9.6885
1216	9.68883
1218	9.68855
1220	9.68817
1222	9.68849
1224	9.68927
1226	9.68903
1228	9.68803
1230	9.68733
1232	9.6872
1234	9.68761
1236	9.68857
1238	9.6878
1240	9.68763
1242	9.68775
1244	9.68785
1246	9.6882
1248	9.6899
1250	9.68927
1252	9.68866
1254	9.6882
1256	9.68752
1258	9.68698
1260	9.68719
1262	9.68671
1264	9.68674
1266	9.68397
1268	9.67948
1270	9.67696
1272	9.67623
1274	9.67546
1276	9.67462
1278	9.67303
1280	9.67174
1282	9.67205
1284	9.67209
1286	9.67408
1288	9.67666
1290	9.67808
1292	9.67889
1294	9.6794
1296	9.67923
1298	9.67961
1300	9.68123
1302	9.6816
1304	9.6813
1306	9.68203
1308	9.68302
1310	9.68246
1312	9.68322
1314	9.68369
1316	9.68394
1318	9.68402
1320	9.6846
1322	9.68422
1324	9.68439
1326	9.68465
1328	9.68522
1330	9.68534
1332	9.68526
1334	9.68507
1336	9.68515
1338	9.68512
1340	9.68633
1342	9.68605
1344	9.686
1346	9.68586
1348	9.68619
1350	9.68616
1352	9.68711
1354	9.68725
1356	9.68732
1358	9.68714
1360	9.68624
1362	9.68587
1364	9.68561
1366	9.68546
1368	9.68544
1370	9.68506
1372	9.6859
1374	9.68676
1376	9.68654
1378	9.68694
1380	9.687
1382	9.68648
1384	9.68682
1386	9.68718
1388	9.68708
1390	9.68694
1392	9.68522
1394	9.68557
1396	9.68614
1398	9.68616
1400	9.68766
1402	9.68718
1404	9.68641
1406	9.68633
1408	9.6855
1410	9.6859
1412	9.68672
1414	9.68629
1416	9.68596
1418	9.68551
1420	9.68572
1422	9.68705
1424	9.68667
1426	9.68725
1428	9.6864
1430	9.68655
1432	9.68683
1434	9.68612
1436	9.68551
1438	9.68644
1440	9.68698
1442	9.68661
1444	9.68627
1446	9.68608
1448	9.68599
1450	9.68617
1452	9.68503
1454	9.68484
1456	9.6856
1458	9.68516
1460	9.68429
1462	9.68355
1464	9.68444
1466	9.68469
1468	9.68468
1470	9.68424
1472	9.68498
1474	9.68456
1476	9.68492
1478	9.68606
1480	9.68598
1482	9.68516
1484	9.68458
1486	9.68483
1488	9.68565
1490	9.68564
1492	9.68515
1494	9.68573
1496	9.68557
1498	9.68457
1500	9.6847
1502	9.68444
1504	9.68425
1506	9.68187
1508	9.67835
1510	9.67578
1512	9.67418
1514	9.67329
1516	9.67182
1518	9.67054
1520	9.67034
1522	9.66954
1524	9.66912
1526	9.67089
1528	9.6732
1530	9.67561
1532	9.67657
1534	9.6776
1536	9.67826
1538	9.67828
1540	9.67832
1542	9.67834
1544	9.67975
1546	9.67955
1548	9.67883
1550	9.67923
1552	9.67986
1554	9.68052
1556	9.68101
1558	9.68133
1560	9.68124
1562	9.68208
1564	9.68246
1566	9.68228
1568	9.68238
1570	9.68215
1572	9.68225
1574	9.68277
1576	9.68309
1578	9.68309
1580	9.68274
1582	9.68243
1584	9.68207
1586	9.68259
1588	9.68265
1590	9.68253
1592	9.68301
1594	9.68391
1596	9.68443
1598	9.6841
1600	9.68412
1602	9.68341
1604	9.68272
1606	9.68419
1608	9.68489
1610	9.68431
1612	9.68488
1614	9.68508
1616	9.68408
1618	9.68392
1620	9.68384
1622	9.68437
1624	9.68415
1626	9.68418
1628	9.68432
1630	9.68482
1632	9.6852
1634	9.68489
1636	9.68483
1638	9.68541
1640	9.68562
1642	9.68423
1644	9.68377
1646	9.68354
1648	9.68308
1650	9.68275
1652	9.68309
1654	9.68262
1656	9.68232
1658	9.68282
1660	9.68378
1662	9.68463
1664	9.68412
1666	9.68415
1668	9.68416
1670	9.68441
1672	9.68454
1674	9.68421
1676	9.6832
1678	9.68243
1680	9.68277
1682	9.68337
1684	9.68388
1686	9.68397
1688	9.68357
1690	9.68331
1692	9.68346
1694	9.68373
1696	9.68366
1698	9.68312
1700	9.6834
1702	9.6836
1704	9.68284
1706	9.68316
1708	9.68363
1710	9.68347
1712	9.68334
1714	9.68283
1716	9.68256
1718	9.68305
1720	9.68304
1722	9.68233
1724	9.68251
1726	9.68223
1728	9.6826
1730	9.68313
1732	9.6837
1734	9.68422
1736	9.68379
1738	9.68382
1740	9.68347
1742	9.68188
1744	9.68151
1746	9.67925
1748	9.67635
1750	9.6745
1752	9.67283
1754	9.67075
1756	9.66874
1758	9.66727
1760	9.66698
1762	9.66671
1764	9.6668
1766	9.669
1768	9.67159
1770	9.67212
1772	9.67247
1774	9.67346
1776	9.67488
1778	9.67566
1780	9.67663
1782	9.67726
1784	9.67677
1786	9.67733
1788	9.67869
1790	9.67983
1792	9.67996
1794	9.67928
1796	9.67934
1798	9.67943
1800	9.67984
1802	9.67999
1804	9.68083
1806	9.68077
1808	9.68023
1810	9.68094
1812	9.68138
1814	9.68206
1816	9.68297
1818	9.68297
1820	9.68267
1822	9.68223
1824	9.68178
1826	9.68162
1828	9.68179
1830	9.68273
1832	9.68283
1834	9.68162
1836	9.68115
1838	9.68101
1840	9.68173
1842	9.68274
1844	9.6826
1846	9.68337
1848	9.68262
1850	9.68284
1852	9.68297
1854	9.68283
1856	9.68215
1858	9.68266
1860	9.68226
1862	9.68152
1864	9.6808
1866	9.68143
1868	9.6819
1870	9.68235
1872	9.68197
1874	9.6812
1876	9.68135
1878	9.68168
1880	9.68218
1882	9.68272
1884	9.68314
1886	9.68262
1888	9.68252
1890	9.68217
1892	9.68195
1894	9.68174
1896	9.68148
1898	9.68166
1900	9.68098
1902	9.68148
1904	9.68218
1906	9.68274
1908	9.68278
1910	9.68243
1912	9.68267
1914	9.68257
1916	9.68273
1918	9.6826
1920	9.682
1922	9.6818
1924	9.68178
1926	9.68163
1928	9.68151
1930	9.68165
1932	9.68191
1934	9.68306
1936	9.68366
1938	9.68308
1940	9.68271
1942	9.68188
1944	9.68189
1946	9.68161
1948	9.68158
1950	9.68124
1952	9.68161
1954	9.68157
1956	9.68249
1958	9.68215
1960	9.68159
1962	9.68083
1964	9.68061
1966	9.68039
1968	9.68118
1970	9.6815
1972	9.68168
1974	9.68074
1976	9.68132
1978	9.68121
1980	9.68087
1982	9.68128
1984	9.68192
1986	9.67883
1988	9.67492
1990	9.6721
1992	9.67142
1994	9.6706
1996	9.66886
1998	9.66761
2000	9.66589
2002	9.66508
2004	9.66481
2006	9.66619
2008	9.6694
2010	9.67087
2012	9.67184
2014	9.67282
2016	9.67359
2018	9.6744
2020	9.67488
2022	9.67398
2024	9.67348
2026	9.67434
2028	9.67478
2030	9.67505
2032	9.67527
2034	9.67518
2036	9.67625
2038	9.67754
2040	9.67806
2042	9.6781
2044	9.678
2046	9.67744
2048	9.67738
2050	9.67731
2052	9.6782
2054	9.67855
2056	9.67911
2058	9.67885
2060	9.67958
2062	9.6796
2064	9.68018
2066	9.68016
2068	9.68022
2070	9.68035
2072	9.68022
2074	9.67947
2076	9.67923
2078	9.67921
2080	9.67997
2082	9.67965
2084	9.68061
2086	9.6796
2088	9.67864
2090	9.67919
2092	9.6793
2094	9.68001
2096	9.68116
2098	9.68154
2100	9.68098
2102	9.68021
2104	9.68072
2106	9.68079
2108	9.68002
2110	9.68004
2112	9.68037
2114	9.68111
2116	9.68082
2118	9.68046
2120	9.68016
2122	9.68024
2124	9.68065
2126	9.68009
2128	9.67975
2130	9.67875
2132	9.67886
2134	9.68042
2136	9.68125
2138	9.68107
2140	9.68174
2142	9.68278
2144	9.68316
2146	9.68277
2148	9.68271
2150	9.68347
2152	9.68316
2154	9.68276
2156	9.68273
2158	9.68218
2160	9.68214
2162	9.6824
2164	9.68229
2166	9.68197
2168	9.68185
2170	9.68187
2172	9.68256
2174	9.68245
2176	9.68292
2178	9.68284
2180	9.68256
2182	9.68177
2184	9.68127
2186	9.68095
2188	9.68045
2190	9.67994
2192	9.68084
2194	9.68071
2196	9.68139
2198	9.68088
2200	9.68056
2202	9.68127
2204	9.68119
2206	9.68077
2208	9.68017
2210	9.67965
2212	9.68003
2214	9.68095
2216	9.68088
2218	9.68065
2220	9.6798
2222	9.68003
2224	9.67984
2226	9.67831
2228	9.67522
2230	9.67303
2232	9.67135
2234	9.66922
2236	9.66822
2238	9.66718
2240	9.66635
2242	9.66595
2244	9.66542
2246	9.66657
2248	9.66989
2250	9.67105
2252	9.67202
2254	9.67295
2256	9.67349
2258	9.67396
2260	9.67501
2262	9.67672
2264	9.67636
2266	9.67621
2268	9.67698
2270	9.67742
2272	9.6783
2274	9.67829
2276	9.67798
2278	9.6784
2280	9.67883
2282	9.67892
2284	9.67978
2286	9.67939
2288	9.6789
2290	9.6794
2292	9.67926
2294	9.6793
2296	9.67952
2298	9.67971
2300	9.68053
2302	9.68012
2304	9.67995
2306	9.68081
2308	9.68085
2310	9.68017
2312	9.67946
2314	9.68024
2316	9.68057
2318	9.68025
2320	9.68057
2322	9.68095
2324	9.68139
2326	9.68146
2328	9.68152
2330	9.68189
2332	9.68119
2334	9.68155
2336	9.68116
2338	9.68141
2340	9.68233
2342	9.68286
2344	9.6819
2346	9.68172
2348	9.68167
2350	9.68105
2352	9.68121
2354	9.68251
2356	9.68245
2358	9.6819
2360	9.68181
2362	9.6822
2364	9.68171
2366	9.68093
2368	9.68148
2370	9.68133
2372	9.68125
2374	9.68194
2376	9.68195
2378	9.68265
2380	9.68187
2382	9.68151
2384	9.68145
2386	9.68185
2388	9.68298
2390	9.68292
2392	9.6809
2394	9.68003
2396	9.68034
2398	9.68058
2400	9.68048
2402	9.68092
2404	9.68152
2406	9.68079
2408	9.6805
2410	9.68087
2412	9.68095
2414	9.68015
2416	9.68106
2418	9.68214
2420	9.68175
2422	9.68089
2424	9.68056
2426	9.68054
2428	9.6812
2430	9.68088
2432	9.68106
2434	9.68138
2436	9.68227
2438	9.68195
2440	9.68169
2442	9.68213
2444	9.68235
2446	9.68309
2448	9.68322
2450	9.68214
2452	9.68145
2454	9.68106
2456	9.68105
2458	9.68083
2460	9.68067
2462	9.68122
2464	9.68059
2466	9.67794
2468	9.67458
2470	9.67146
2472	9.66943
2474	9.66972
2476	9.66933
2478	9.66728
2480	9.6655
2482	9.66483
2484	9.66472
2486	9.66675
2488	9.66988
2490	9.67194
2492	9.67266
2494	9.67363
2496	9.67419
2498	9.67412
2500	9.67467
2502	9.67577
2504	9.67577
2506	9.67579
2508	9.67642
2510	9.67599
2512	9.67566
2514	9.67566
2516	9.67685
2518	9.67747
2520	9.67783
2522	9.67864
2524	9.67932
2526	9.67888
2528	9.67853
2530	9.67903
2532	9.67894
2534	9.67926
2536	9.67993
2538	9.68007
2540	9.68009
2542	9.67858
2544	9.67898
2546	9.67998
2548	9.68077
2550	9.68141
2552	9.68126
2554	9.68034
2556	9.68073
2558	9.68121
2560	9.68132
2562	9.681
2564	9.68119
2566	9.68088
2568	9.68004
2570	9.68093
2572	9.68069
2574	9.681
2576	9.6803
2578	9.68064
2580	9.68177
2582	9.68142
2584	9.68081
2586	9.68129
2588	9.68138
2590	9.68087
2592	9.68124
2594	9.68186
2596	9.68157
2598	9.68067
2600	9.68012
2602	9.6804
2604	9.68133
2606	9.68128
2608	9.68118
2610	9.68094
2612	9.6809
2614	9.68079
2616	9.68023
2618	9.68008
2620	9.67991
2622	9.68034
2624	9.68008
2626	9.67955
2628	9.67904
2630	9.67939
2632	9.68044
2634	9.68115
2636	9.681
2638	9.68047
2640	9.68087
2642	9.68166
2644	9.68122
2646	9.68058
2648	9.68049
2650	9.68039
2652	9.68009
2654	9.68036
2656	9.6808
2658	9.6806
2660	9.67985
2662	9.68056
2664	9.68064
2666	9.68049
2668	9.68001
2670	9.68003
2672	9.68033
2674	9.68081
2676	9.6804
2678	9.6804
2680	9.68091
2682	9.68121
2684	9.68097
2686	9.68083
2688	9.68144
2690	9.68177
2692	9.68227
2694	9.68205
2696	9.68222
2698	9.68218
2700	9.68124
2702	9.68068
2704	9.67984
2706	9.67782
2708	9.67489
2710	9.67353
2712	9.67127
2714	9.66916
2716	9.66808
2718	9.66723
2720	9.66661
2722	9.66553
2724	9.66427
2726	9.66568
2728	9.66872
2730	9.67008
2732	9.67167
2734	9.67241
2736	9.67329
2738	9.67354
2740	9.67452
2742	9.67499
2744	9.67468
2746	9.67601
2748	9.67679
2750	9.67699
2752	9.67696
2754	9.67722
2756	9.67746
2758	9.67743
2760	9.67718
2762	9.6776
2764	9.67835
2766	9.67899
2768	9.67984
2770	9.67944
2772	9.68011
2774	9.68045
2776	9.68108
2778	9.68187
2780	9.6812
2782	9.68178
2784	9.68138
2786	9.68051
2788	9.68027
2790	9.67952
2792	9.68088
2794	9.68151
2796	9.68039
2798	9.68078
2800	9.6812
2802	9.68101
2804	9.68147
2806	9.68119
2808	9.68131
2810	9.68105
2812	9.6811
2814	9.68208
2816	9.68181
2818	9.68201
2820	9.68188
2822	9.68139
2824	9.6827
2826	9.68307
2828	9.68201
2830	9.68204
2832	9.68168
2834	9.68146
2836	9.68172
2838	9.68155
2840	9.68125
2842	9.68154
2844	9.68113
2846	9.68032
2848	9.67976
2850	9.68036
2852	9.68163
2854	9.68219
2856	9.68213
2858	9.68192
2860	9.68154
2862	9.68153
2864	9.68196
2866	9.68247
2868	9.68248
2870	9.68202
2872	9.68178
2874	9.682
2876	9.68188
2878	9.68234
2880	9.68291
2882	9.68251
2884	9.6827
2886	9.68281
2888	9.68274
2890	9.6823
2892	9.68237
2894	9.68223
2896	9.68158
2898	9.682
2900	9.68242
2902	9.68256
2904	9.6825
2906	9.68202
2908	9.68149
2910	9.6813
2912	9.68109
2914	9.68092
2916	9.68162
2918	9.68151
2920	9.68163
2922	9.68199
2924	9.68209
2926	9.68198
2928	9.68218
2930	9.68327
2932	9.68341
2934	9.68264
2936	9.68315
2938	9.68251
2940	9.68106
