DH	INJV	Xt	Mt	XMt	NDH	DY	Fit
-6.06965	1	0	0.01	0.05035	-8453.54575	--	
-67.95285	10	5.03118E-4	0.00999	0.55576	-9464.1847	9.92542	-9474.11012
-42.31905	10	0.00551	0.00992	1.0647	-5894.01823	-27.73225	-5866.28599
-15.01959	10	0.01049	0.00985	1.57716	-2091.86424	59.23993	-2151.10417
-6.01391	10	0.01543	0.00979	2.09316	-837.59252	-28.12468	-809.46784
-2.92989	10	0.02034	0.00972	2.61268	-408.06297	-16.12659	-391.93638
-1.97825	10	0.02521	0.00965	3.13573	-275.52227	-49.46099	-226.06128
-1.37693	10	0.03004	0.00958	3.66231	-191.77322	-46.06358	-145.70963
-1.06937	10	0.03484	0.00951	4.19242	-148.93736	-47.7533	-101.18406
-0.90353	10	0.03961	0.00945	4.72605	-125.84028	-51.76135	-74.07893
-0.79806	10	0.04434	0.00938	5.26322	-111.14985	-54.74624	-56.4036
	--	0.04903	0.00932	--			
