time	cp
2	9.74907
4	9.74752
6	9.74775
8	9.74727
10	9.74551
12	9.74384
14	9.74346
16	9.74264
18	9.7425
20	9.74347
22	9.74325
24	9.74373
26	9.74483
28	9.74471
30	9.744
32	9.74419
34	9.74368
36	9.74378
38	9.74362
40	9.7435
42	9.74306
44	9.74202
46	9.74198
48	9.74204
50	9.74379
52	9.7433
54	9.7425
56	9.74225
58	9.74407
60	9.74403
62	9.74435
64	9.74448
66	9.74298
68	9.74124
70	9.74066
72	9.7415
74	9.74108
76	9.74137
78	9.74196
80	9.74288
82	9.74186
84	9.74115
86	9.74136
88	9.73936
90	9.73815
92	9.73714
94	9.73567
96	9.73514
98	9.73549
100	9.73535
102	9.73664
104	9.73678
106	9.73653
108	9.73771
110	9.73855
112	9.73833
114	9.73762
116	9.73737
118	9.73706
120	9.73669
122	9.7361
124	9.73679
126	9.73709
128	9.73753
130	9.73704
132	9.73572
134	9.73611
136	9.73563
138	9.73606
140	9.7361
142	9.73644
144	9.73601
146	9.73736
148	9.73669
150	9.73685
152	9.7364
154	9.73584
156	9.73534
158	9.73497
160	9.73519
162	9.73422
164	9.73474
166	9.73448
168	9.73408
170	9.73373
172	9.73422
174	9.73435
176	9.73324
178	9.73254
180	9.7315
182	9.73248
184	9.73076
186	9.73108
188	9.73132
190	9.73188
192	9.73169
194	9.73124
196	9.73129
198	9.73235
200	9.73304
202	9.73152
204	9.73162
206	9.73104
208	9.73078
210	9.73003
212	9.73078
214	9.73071
216	9.731
218	9.73129
220	9.73079
222	9.73071
224	9.72948
226	9.72939
228	9.72943
230	9.72877
232	9.72874
234	9.72996
236	9.72978
238	9.72947
240	9.72878
242	9.72761
244	9.72711
246	9.72741
248	9.72749
250	9.72733
252	9.72867
254	9.72896
256	9.72883
258	9.72855
260	9.72884
262	9.72939
264	9.73008
266	9.72921
268	9.72892
270	9.72962
272	9.72851
274	9.72747
276	9.72726
278	9.72777
280	9.72823
282	9.72714
284	9.72602
286	9.72602
288	9.72646
290	9.72615
292	9.72564
294	9.725
296	9.72527
298	9.72557
300	9.72535
302	9.7244
304	9.72417
306	9.71382
308	9.66951
310	9.62336
312	9.57526
314	9.53662
316	9.51553
318	9.51095
320	9.51503
322	9.52599
324	9.54064
326	9.55655
328	9.57349
330	9.58909
332	9.60382
334	9.61684
336	9.6298
338	9.64138
340	9.65265
342	9.66089
344	9.66803
346	9.67395
348	9.6797
350	9.68547
352	9.69086
354	9.69337
356	9.69663
358	9.69945
360	9.70134
362	9.70317
364	9.70458
366	9.70595
368	9.70696
370	9.70857
372	9.70952
374	9.71033
376	9.71091
378	9.71204
380	9.71281
382	9.7126
384	9.71275
386	9.71337
388	9.71374
390	9.71298
392	9.71457
394	9.71486
396	9.71444
398	9.71419
400	9.71548
402	9.71611
404	9.71545
406	9.71512
408	9.71564
410	9.71594
412	9.71621
414	9.71666
416	9.71683
418	9.71728
420	9.71711
422	9.71685
424	9.71563
426	9.71552
428	9.7158
430	9.71547
432	9.71517
434	9.71561
436	9.71569
438	9.71575
440	9.71632
442	9.71636
444	9.71669
446	9.71685
448	9.71701
450	9.71648
452	9.71623
454	9.71579
456	9.71542
458	9.71552
460	9.71475
462	9.71427
464	9.71351
466	9.71478
468	9.71555
470	9.71501
472	9.71517
474	9.71494
476	9.71474
478	9.71473
480	9.71414
482	9.71392
484	9.7147
486	9.71514
488	9.7141
490	9.7129
492	9.71347
494	9.71306
496	9.7124
498	9.71219
500	9.71309
502	9.71317
504	9.71277
506	9.71304
508	9.71341
510	9.71388
512	9.71278
514	9.71269
516	9.71261
518	9.71276
520	9.71153
522	9.71209
524	9.71266
526	9.71309
528	9.71228
530	9.71231
532	9.71218
534	9.71169
536	9.71196
538	9.71193
540	9.71243
542	9.71209
544	9.71316
546	9.7001
548	9.63546
550	9.52273
552	9.3712
554	9.19055
556	9.00343
558	8.82466
560	8.66351
562	8.52207
564	8.40234
566	8.31052
568	8.25469
570	8.22673
572	8.22259
574	8.24088
576	8.27824
578	8.32806
580	8.38745
582	8.45419
584	8.52377
586	8.59569
588	8.66753
590	8.73817
592	8.80702
594	8.87232
596	8.93607
598	8.99671
600	9.05379
602	9.10689
604	9.15722
606	9.20303
608	9.24793
610	9.28865
612	9.325
614	9.35816
616	9.38955
618	9.41742
620	9.44349
622	9.46682
624	9.48858
626	9.50921
628	9.52695
630	9.54349
632	9.5578
634	9.57111
636	9.58318
638	9.59539
640	9.60572
642	9.61439
644	9.62323
646	9.6305
648	9.63602
650	9.64171
652	9.6483
654	9.6544
656	9.65957
658	9.66261
660	9.66616
662	9.6698
664	9.67257
666	9.67491
668	9.67778
670	9.68015
672	9.68171
674	9.68329
676	9.68414
678	9.68586
680	9.68788
682	9.68976
684	9.69077
686	9.69258
688	9.69345
690	9.6942
692	9.69585
694	9.69591
696	9.69592
698	9.69664
700	9.69737
702	9.69733
704	9.69775
706	9.69768
708	9.69825
710	9.69895
712	9.69889
714	9.69916
716	9.6999
718	9.69977
720	9.69914
722	9.69949
724	9.69965
726	9.69895
728	9.69841
730	9.69815
732	9.69871
734	9.70002
736	9.7002
738	9.70071
740	9.70066
742	9.70151
744	9.70171
746	9.70148
748	9.70186
750	9.7011
752	9.70182
754	9.70127
756	9.70197
758	9.70172
760	9.70146
762	9.70175
764	9.70066
766	9.70114
768	9.70185
770	9.70117
772	9.70128
774	9.70195
776	9.70129
778	9.70135
780	9.70112
782	9.70182
784	9.70126
786	9.69355
788	9.65609
790	9.59258
792	9.50698
794	9.40469
796	9.29656
798	9.19347
800	9.10229
802	9.02333
804	8.95947
806	8.91462
808	8.88929
810	8.87808
812	8.87913
814	8.88988
816	8.90868
818	8.93277
820	8.95868
822	8.98706
824	9.01631
826	9.04656
828	9.07515
830	9.10409
832	9.1329
834	9.16282
836	9.191
838	9.22011
840	9.2486
842	9.27679
844	9.30386
846	9.3291
848	9.35438
850	9.37844
852	9.40235
854	9.42497
856	9.44717
858	9.46658
860	9.48561
862	9.50363
864	9.52091
866	9.53606
868	9.55009
870	9.56293
872	9.57416
874	9.58415
876	9.59349
878	9.60202
880	9.61074
882	9.61783
884	9.62391
886	9.6305
888	9.63584
890	9.64056
892	9.64518
894	9.64891
896	9.65364
898	9.65753
900	9.6608
902	9.66263
904	9.66478
906	9.66721
908	9.66973
910	9.67103
912	9.67255
914	9.67393
916	9.67517
918	9.67728
920	9.67945
922	9.68125
924	9.68197
926	9.68401
928	9.68431
930	9.68462
932	9.68481
934	9.68553
936	9.68665
938	9.68769
940	9.68845
942	9.68774
944	9.68861
946	9.68926
948	9.68932
950	9.69011
952	9.69152
954	9.69148
956	9.6908
958	9.69107
960	9.69217
962	9.69325
964	9.69304
966	9.69318
968	9.69242
970	9.69347
972	9.69292
974	9.6937
976	9.69272
978	9.6922
980	9.69207
982	9.69287
984	9.69275
986	9.69256
988	9.69244
990	9.69289
992	9.69264
994	9.69159
996	9.69191
998	9.69184
1000	9.69191
1002	9.69256
1004	9.69271
1006	9.69315
1008	9.69221
1010	9.69257
1012	9.69267
1014	9.69298
1016	9.69266
1018	9.69268
1020	9.69237
1022	9.69324
1024	9.6929
1026	9.68873
1028	9.67173
1030	9.64545
1032	9.61099
1034	9.57095
1036	9.52992
1038	9.49123
1040	9.45685
1042	9.42791
1044	9.40525
1046	9.39017
1048	9.38543
1050	9.385
1052	9.38797
1054	9.39447
1056	9.40385
1058	9.41481
1060	9.42488
1062	9.43657
1064	9.44857
1066	9.46163
1068	9.47329
1070	9.48485
1072	9.49598
1074	9.50759
1076	9.51845
1078	9.5281
1080	9.53936
1082	9.54986
1084	9.55905
1086	9.56888
1088	9.57951
1090	9.58834
1092	9.59706
1094	9.60431
1096	9.61228
1098	9.61918
1100	9.62461
1102	9.62984
1104	9.63562
1106	9.64137
1108	9.64513
1110	9.64925
1112	9.65361
1114	9.65721
1116	9.66026
1118	9.66331
1120	9.66461
1122	9.66669
1124	9.66862
1126	9.67012
1128	9.67224
1130	9.6744
1132	9.67584
1134	9.67649
1136	9.6782
1138	9.67892
1140	9.67995
1142	9.68104
1144	9.68146
1146	9.68193
1148	9.68259
1150	9.68385
1152	9.68419
1154	9.68499
1156	9.68527
1158	9.68591
1160	9.68486
1162	9.68528
1164	9.68616
1166	9.68719
1168	9.68668
1170	9.68682
1172	9.68777
1174	9.6874
1176	9.68726
1178	9.68663
1180	9.68773
1182	9.6884
1184	9.68883
1186	9.68974
1188	9.6896
1190	9.68978
1192	9.68875
1194	9.68905
1196	9.68958
1198	9.68983
1200	9.6896
1202	9.69012
1204	9.69014
1206	9.68994
1208	9.68922
1210	9.689
1212	9.68864
1214	9.68883
1216	9.68971
1218	9.68852
1220	9.68836
1222	9.68758
1224	9.68823
1226	9.68928
1228	9.68927
1230	9.68952
1232	9.68956
1234	9.68998
1236	9.69056
1238	9.69023
1240	9.6892
1242	9.68943
1244	9.68904
1246	9.68937
1248	9.68881
1250	9.68929
1252	9.689
1254	9.68921
1256	9.6897
1258	9.68938
1260	9.68919
1262	9.68809
1264	9.6884
1266	9.68506
1268	9.67502
1270	9.66131
1272	9.64596
1274	9.6276
1276	9.61001
1278	9.5954
1280	9.58276
1282	9.5706
1284	9.56159
1286	9.55767
1288	9.55829
1290	9.56114
1292	9.5623
1294	9.5661
1296	9.57092
1298	9.57704
1300	9.58336
1302	9.58958
1304	9.5957
1306	9.6014
1308	9.60769
1310	9.61201
1312	9.61711
1314	9.6218
1316	9.62637
1318	9.6315
1320	9.63562
1322	9.63902
1324	9.64311
1326	9.6464
1328	9.64987
1330	9.65292
1332	9.65522
1334	9.65879
1336	9.66174
1338	9.66509
1340	9.66644
1342	9.66798
1344	9.66911
1346	9.67032
1348	9.67228
1350	9.6737
1352	9.67448
1354	9.67566
1356	9.67705
1358	9.67797
1360	9.67852
1362	9.67936
1364	9.68069
1366	9.68129
1368	9.68211
1370	9.68214
1372	9.68192
1374	9.68179
1376	9.68243
1378	9.68351
1380	9.68292
1382	9.68256
1384	9.68259
1386	9.68343
1388	9.68322
1390	9.68384
1392	9.68333
1394	9.68328
1396	9.68338
1398	9.68397
1400	9.68454
1402	9.68432
1404	9.68468
1406	9.68445
1408	9.68429
1410	9.68404
1412	9.6847
1414	9.6839
1416	9.6841
1418	9.68388
1420	9.68317
1422	9.68362
1424	9.68314
1426	9.68345
1428	9.68352
1430	9.68379
1432	9.68353
1434	9.68384
1436	9.68457
1438	9.68553
1440	9.68528
1442	9.68445
1444	9.6845
1446	9.68436
1448	9.68501
1450	9.68363
1452	9.6843
1454	9.68532
1456	9.68533
1458	9.68406
1460	9.68402
1462	9.68394
1464	9.68404
1466	9.68468
1468	9.68371
1470	9.68355
1472	9.68315
1474	9.68244
1476	9.68303
1478	9.68432
1480	9.68428
1482	9.68371
1484	9.68451
1486	9.68437
1488	9.68435
1490	9.68371
1492	9.68441
1494	9.68428
1496	9.68343
1498	9.6831
1500	9.68298
1502	9.68276
1504	9.68257
1506	9.68013
1508	9.67289
1510	9.66373
1512	9.65433
1514	9.64494
1516	9.6353
1518	9.62785
1520	9.61978
1522	9.61439
1524	9.60976
1526	9.60756
1528	9.60935
1530	9.61274
1532	9.61469
1534	9.61798
1536	9.62171
1538	9.62539
1540	9.62895
1542	9.63189
1544	9.63569
1546	9.63853
1548	9.64218
1550	9.64454
1552	9.64727
1554	9.65043
1556	9.65272
1558	9.65653
1560	9.65827
1562	9.65965
1564	9.66159
1566	9.66438
1568	9.6659
1570	9.66712
1572	9.66897
1574	9.6713
1576	9.67225
1578	9.67254
1580	9.67348
1582	9.67448
1584	9.67613
1586	9.67717
1588	9.6776
1590	9.67691
1592	9.67687
1594	9.67739
1596	9.67861
1598	9.67923
1600	9.67954
1602	9.6804
1604	9.68153
1606	9.6819
1608	9.68145
1610	9.68135
1612	9.68126
1614	9.68141
1616	9.68118
1618	9.68209
1620	9.68219
1622	9.68212
1624	9.68181
1626	9.68136
1628	9.68118
1630	9.68065
1632	9.68142
1634	9.68042
1636	9.68109
1638	9.68199
1640	9.68138
1642	9.68
1644	9.67999
1646	9.67985
1648	9.68007
1650	9.68062
1652	9.67987
1654	9.68031
1656	9.6805
1658	9.68144
1660	9.68088
1662	9.67974
1664	9.67967
1666	9.68053
1668	9.68033
1670	9.67983
1672	9.67942
1674	9.67908
1676	9.67941
1678	9.67945
1680	9.68017
1682	9.68031
1684	9.68138
1686	9.68082
1688	9.68015
1690	9.68055
1692	9.68023
1694	9.68065
1696	9.68107
1698	9.68016
1700	9.68125
1702	9.68086
1704	9.68002
1706	9.68027
1708	9.68064
1710	9.67941
1712	9.67946
1714	9.67975
1716	9.67945
1718	9.6791
1720	9.6786
1722	9.67846
1724	9.6795
1726	9.67865
1728	9.67931
1730	9.67949
1732	9.67941
1734	9.67956
1736	9.6793
1738	9.67868
1740	9.67871
1742	9.67966
1744	9.67936
1746	9.67717
1748	9.6707
1750	9.66391
1752	9.65782
1754	9.65295
1756	9.64622
1758	9.64029
1760	9.63566
1762	9.63151
1764	9.62741
1766	9.6255
1768	9.62867
1770	9.63176
1772	9.63374
1774	9.63608
1776	9.63947
1778	9.64272
1780	9.64559
1782	9.64857
1784	9.65137
1786	9.6535
1788	9.65506
1790	9.6568
1792	9.65856
1794	9.66043
1796	9.66221
1798	9.66388
1800	9.66475
1802	9.66654
1804	9.6675
1806	9.66997
1808	9.67055
1810	9.67077
1812	9.67189
1814	9.67204
1816	9.67244
1818	9.67253
1820	9.67291
1822	9.67388
1824	9.67402
1826	9.67314
1828	9.67346
1830	9.67493
1832	9.6765
1834	9.67681
1836	9.67754
1838	9.67783
1840	9.67742
1842	9.6774
1844	9.67616
1846	9.67644
1848	9.67771
1850	9.67789
1852	9.6777
1854	9.67671
1856	9.67687
1858	9.67658
1860	9.67782
1862	9.678
1864	9.67849
1866	9.6783
1868	9.67792
1870	9.67735
1872	9.67746
1874	9.67748
1876	9.67789
1878	9.67868
1880	9.67722
1882	9.67664
1884	9.67642
1886	9.67676
1888	9.67629
1890	9.67667
1892	9.6776
1894	9.67809
1896	9.67746
1898	9.67792
1900	9.67729
1902	9.67631
1904	9.67658
1906	9.67615
1908	9.67688
1910	9.67843
1912	9.6783
1914	9.67778
1916	9.67718
1918	9.67611
1920	9.67585
1922	9.67633
1924	9.67677
1926	9.6764
1928	9.67539
1930	9.67478
1932	9.6752
1934	9.67648
1936	9.67699
1938	9.67768
1940	9.67773
1942	9.67746
1944	9.67655
1946	9.6766
1948	9.67713
1950	9.67683
1952	9.67719
1954	9.67723
1956	9.67736
1958	9.67716
1960	9.67747
1962	9.67741
1964	9.67749
1966	9.6763
1968	9.67662
1970	9.67648
1972	9.67567
1974	9.67541
1976	9.67541
1978	9.67658
1980	9.67641
1982	9.67756
1984	9.67704
1986	9.67459
1988	9.66876
1990	9.66259
1992	9.65793
1994	9.65363
1996	9.64934
1998	9.64577
2000	9.64142
2002	9.63769
2004	9.63591
2006	9.63511
2008	9.63828
2010	9.64143
2012	9.64405
2014	9.64627
2016	9.64856
2018	9.65071
2020	9.65284
2022	9.65529
2024	9.65695
2026	9.65799
2028	9.65883
2030	9.66077
2032	9.66192
2034	9.66359
2036	9.66516
2038	9.66544
2040	9.66529
2042	9.66461
2044	9.66569
2046	9.66668
2048	9.66728
2050	9.66789
2052	9.66885
2054	9.66908
2056	9.67088
2058	9.67214
2060	9.67317
2062	9.67339
2064	9.67362
2066	9.6744
2068	9.67419
2070	9.67463
2072	9.67488
2074	9.6745
2076	9.67419
2078	9.67483
2080	9.6755
2082	9.67659
2084	9.67722
2086	9.67566
2088	9.67506
2090	9.67543
2092	9.67658
2094	9.67648
2096	9.67716
2098	9.67619
2100	9.67601
2102	9.67581
2104	9.67525
2106	9.67419
2108	9.67381
2110	9.67381
2112	9.67397
2114	9.67469
2116	9.67604
2118	9.67667
2120	9.67649
2122	9.67575
2124	9.67539
2126	9.67578
2128	9.67567
2130	9.67524
2132	9.67505
2134	9.67488
2136	9.67422
2138	9.67386
2140	9.67362
2142	9.67345
2144	9.67361
2146	9.67348
2148	9.67453
2150	9.67423
2152	9.67525
2154	9.6749
2156	9.6749
2158	9.67444
2160	9.67469
2162	9.67538
2164	9.67584
2166	9.67586
2168	9.67401
2170	9.67357
2172	9.67257
2174	9.67352
2176	9.67456
2178	9.67464
2180	9.67484
2182	9.67576
2184	9.67587
2186	9.67583
2188	9.6754
2190	9.67411
2192	9.67396
2194	9.67493
2196	9.67541
2198	9.67574
2200	9.67522
2202	9.67547
2204	9.67532
2206	9.67473
2208	9.67383
2210	9.67406
2212	9.67365
2214	9.67381
2216	9.67396
2218	9.67492
2220	9.67404
2222	9.67376
2224	9.67369
2226	9.67293
2228	9.6684
2230	9.66195
2232	9.65847
2234	9.6549
2236	9.65176
2238	9.64845
2240	9.64548
2242	9.64271
2244	9.64111
2246	9.64111
2248	9.64304
2250	9.64566
2252	9.64764
2254	9.64909
2256	9.65012
2258	9.65334
2260	9.6557
2262	9.65691
2264	9.65739
2266	9.65937
2268	9.6608
2270	9.66216
2272	9.66385
2274	9.66537
2276	9.66595
2278	9.66607
2280	9.66794
2282	9.66889
2284	9.66983
2286	9.66954
2288	9.66906
2290	9.66879
2292	9.66922
2294	9.66963
2296	9.66917
2298	9.6706
2300	9.67207
2302	9.67244
2304	9.6728
2306	9.67329
2308	9.67242
2310	9.67329
2312	9.6732
2314	9.67281
2316	9.67244
2318	9.67382
2320	9.67339
2322	9.6737
2324	9.67433
2326	9.67333
2328	9.67361
2330	9.67402
2332	9.67387
2334	9.67332
2336	9.67374
2338	9.67343
2340	9.67362
2342	9.67413
2344	9.67367
2346	9.67351
2348	9.67368
2350	9.6749
2352	9.6749
2354	9.67486
2356	9.67438
2358	9.67392
2360	9.67305
2362	9.67273
2364	9.67277
2366	9.67271
2368	9.67305
2370	9.67258
2372	9.67267
2374	9.67221
2376	9.67213
2378	9.67249
2380	9.67379
2382	9.67339
2384	9.67386
2386	9.67435
2388	9.67398
2390	9.67278
2392	9.6732
2394	9.67332
2396	9.67269
2398	9.67292
2400	9.6725
2402	9.67232
2404	9.67251
2406	9.67312
2408	9.67365
2410	9.67394
2412	9.6738
2414	9.67334
2416	9.67324
2418	9.67271
2420	9.67246
2422	9.67171
2424	9.67289
2426	9.67255
2428	9.67192
2430	9.67194
2432	9.67232
2434	9.67278
2436	9.67277
2438	9.6731
2440	9.67349
2442	9.67336
2444	9.6729
2446	9.67345
2448	9.67196
2450	9.67177
2452	9.67207
2454	9.67259
2456	9.6724
2458	9.67267
2460	9.67242
2462	9.67204
2464	9.67212
2466	9.67037
2468	9.66566
2470	9.66082
2472	9.65712
2474	9.65415
2476	9.65159
2478	9.64895
2480	9.6477
2482	9.64494
2484	9.64232
2486	9.64299
2488	9.64656
2490	9.64986
2492	9.65094
2494	9.6534
2496	9.65409
2498	9.65542
2500	9.65726
2502	9.65794
2504	9.65919
2506	9.66083
2508	9.66308
2510	9.66395
2512	9.66419
2514	9.66466
2516	9.66532
2518	9.66545
2520	9.66606
2522	9.6671
2524	9.66844
2526	9.66968
2528	9.66934
2530	9.66866
2532	9.6687
2534	9.6692
2536	9.6694
2538	9.67038
2540	9.67046
2542	9.66976
2544	9.66998
2546	9.67126
2548	9.67204
2550	9.67241
2552	9.67269
2554	9.67239
2556	9.67188
2558	9.67195
2560	9.67271
2562	9.67283
2564	9.67306
2566	9.67307
2568	9.67285
2570	9.67338
2572	9.67297
2574	9.6729
2576	9.67236
2578	9.67248
2580	9.67228
2582	9.67192
2584	9.67126
2586	9.67186
2588	9.67161
2590	9.67155
2592	9.67261
2594	9.67327
2596	9.67314
2598	9.67301
2600	9.673
2602	9.67329
2604	9.67409
2606	9.67338
2608	9.67285
2610	9.67292
2612	9.67371
2614	9.67337
2616	9.67313
2618	9.67329
2620	9.67248
2622	9.67179
2624	9.67116
2626	9.67138
2628	9.67112
2630	9.67142
2632	9.67083
2634	9.67004
2636	9.67097
2638	9.67193
2640	9.67211
2642	9.67116
2644	9.67149
2646	9.67256
2648	9.67255
2650	9.67162
2652	9.67145
2654	9.67114
2656	9.67171
2658	9.67115
2660	9.67207
2662	9.67292
2664	9.67339
2666	9.67188
2668	9.67118
2670	9.67164
2672	9.67201
2674	9.67162
2676	9.67078
2678	9.67171
2680	9.6727
2682	9.67247
2684	9.67154
2686	9.67155
2688	9.67224
2690	9.67264
2692	9.67188
2694	9.6713
2696	9.67173
2698	9.67151
2700	9.67221
2702	9.67265
2704	9.67297
2706	9.67098
2708	9.66591
2710	9.66141
2712	9.65799
2714	9.65536
2716	9.6527
2718	9.65051
2720	9.64791
2722	9.64748
2724	9.64586
2726	9.64572
2728	9.64954
2730	9.6523
2732	9.6533
2734	9.65514
2736	9.65678
2738	9.65711
2740	9.65847
2742	9.65945
2744	9.66035
2746	9.66244
2748	9.66305
2750	9.66425
2752	9.66509
2754	9.66512
2756	9.66675
2758	9.66758
2760	9.66789
2762	9.66846
2764	9.66883
2766	9.66949
2768	9.66987
2770	9.67038
2772	9.6707
2774	9.67134
2776	9.67155
2778	9.67154
2780	9.67171
2782	9.67159
2784	9.67208
2786	9.67121
2788	9.67191
2790	9.67252
2792	9.67337
2794	9.67259
2796	9.67263
2798	9.67196
2800	9.67221
2802	9.67261
2804	9.67283
2806	9.67356
2808	9.67367
2810	9.67361
2812	9.67278
2814	9.67323
2816	9.67345
2818	9.67331
2820	9.67249
2822	9.6725
2824	9.67266
2826	9.67282
2828	9.67266
2830	9.67218
2832	9.67162
2834	9.67131
2836	9.67209
2838	9.67288
2840	9.67293
2842	9.67236
2844	9.67204
2846	9.67206
2848	9.67197
2850	9.67148
2852	9.67163
2854	9.67218
2856	9.67198
2858	9.67215
2860	9.67254
2862	9.67255
2864	9.67209
2866	9.67134
2868	9.67115
2870	9.67134
2872	9.67146
2874	9.67103
2876	9.67168
2878	9.67182
2880	9.67279
2882	9.67222
2884	9.67132
2886	9.67157
2888	9.67166
2890	9.67169
2892	9.67238
2894	9.67124
2896	9.67101
2898	9.67249
2900	9.67277
2902	9.6737
2904	9.67271
2906	9.67238
2908	9.67236
2910	9.67242
2912	9.67254
2914	9.67188
2916	9.67165
2918	9.67109
2920	9.67172
2922	9.67197
2924	9.67248
2926	9.67293
2928	9.6724
2930	9.67154
2932	9.67175
2934	9.67169
2936	9.67083
2938	9.6709
2940	9.67163
2942	9.67296
